{
    "animation": [
        {
            "name": "Root",
            "time": [0.0, 1.3333, 2.6667],
            "transform": [
                [1.0, 0.0, 0.0, -5e-06, 0.0, 0.0, -1.0, 0.000946, 0.0, 1.0, 0.0, 0.763972, 0.0, 0.0, 0.0, 1.0],
                [1.0, 0.0, 0.0, -5e-06, 0.0, 0.0, -1.0, 0.000946, 0.0, 1.0, 0.0, 0.763972, 0.0, 0.0, 0.0, 1.0],
                [1.0, 0.0, 0.0, -5e-06, 0.0, 0.0, -1.0, 0.000946, 0.0, 1.0, 0.0, 0.763972, 0.0, 0.0, 0.0, 1.0]
            ]
        },
        {
            "name": "Thigh_R",
            "time": [0.0, 1.3333, 2.6667],
            "transform": [
                [1.0, -0.0, 0.0, 0.124994, -0.0, -0.999949, 0.010217, -0.002831, 0.0, -0.010217, -0.999951, -1.2e-05, 0.0, 0.0, 0.0, 1.0],
                [1.0, -0.0, 0.0, 0.124994, -0.0, -0.999945, 0.010563, -0.002831, 0.0, -0.010564, -0.999947, -1.2e-05, 0.0, 0.0, 0.0, 1.0],
                [1.0, -0.0, 0.0, 0.124994, -0.0, -0.999949, 0.010217, -0.002831, 0.0, -0.010217, -0.999951, -1.2e-05, 0.0, 0.0, 0.0, 1.0]
            ]
        },
        {
            "name": "Leg_R",
            "time": [0.0, 1.3333, 2.6667],
            "transform": [
                [1.0, -0.0, 1e-06, -0.0, -0.0, 0.999861, 0.020423, 0.374726, -1e-06, -0.020427, 0.999711, 0.0, 0.0, 0.0, 0.0, 1.0],
                [1.0, -0.0, 1e-06, 0.0, -0.0, 0.999853, 0.021115, 0.374726, -1e-06, -0.021119, 0.999689, -0.0, 0.0, 0.0, 0.0, 1.0],
                [1.0, -0.0, 1e-06, -0.0, -0.0, 0.999861, 0.020423, 0.374726, -1e-06, -0.020427, 0.999711, 0.0, 0.0, 0.0, 0.0, 1.0]
            ]
        },
        {
            "name": "Knee_R",
            "time": [0.0, 2.6667],
            "transform": [
                [1.0, 0.0, -0.0, -0.0, -0.0, 0.00567, -0.999984, 0.374726, -0.0, 0.999984, 0.00567, 0.0, 0.0, 0.0, 0.0, 1.0],
                [1.0, 0.0, -0.0, -0.0, -0.0, 0.00567, -0.999984, 0.374726, -0.0, 0.999984, 0.00567, 0.0, 0.0, 0.0, 0.0, 1.0]
            ]
        },
        {
            "name": "Thigh_L",
            "time": [0.0, 1.3333, 2.6667],
            "transform": [
                [1.0, -0.0, 0.0, -0.125006, -0.0, -0.999974, 0.007415, -0.002833, 0.0, -0.007415, -0.999975, -1.2e-05, 0.0, 0.0, 0.0, 1.0],
                [1.0, -0.0, 0.0, -0.125006, -0.0, -0.999974, 0.007501, -0.002833, 0.0, -0.007501, -0.999974, -1.2e-05, 0.0, 0.0, 0.0, 1.0],
                [1.0, -0.0, 0.0, -0.125006, -0.0, -0.999974, 0.007415, -0.002833, 0.0, -0.007415, -0.999975, -1.2e-05, 0.0, 0.0, 0.0, 1.0]
            ]
        },
        {
            "name": "Leg_L",
            "time": [0.0, 1.3333, 2.6667],
            "transform": [
                [1.0, -0.0, 1e-06, -0.0, -0.0, 0.999902, 0.014824, 0.374726, -1e-06, -0.014825, 0.999871, 0.0, 0.0, 0.0, 0.0, 1.0],
                [1.0, -0.0, 1e-06, -0.0, -0.0, 0.9999, 0.014996, 0.374726, -1e-06, -0.014997, 0.999866, 0.0, 0.0, 0.0, 0.0, 1.0],
                [1.0, -0.0, 1e-06, -0.0, -0.0, 0.999902, 0.014824, 0.374726, -1e-06, -0.014825, 0.999871, 0.0, 0.0, 0.0, 0.0, 1.0]
            ]
        },
        {
            "name": "Knee_L",
            "time": [0.0, 2.6667],
            "transform": [
                [1.0, 0.0, -0.0, -0.0, -0.0, 0.00567, -0.999984, 0.374726, -0.0, 0.999984, 0.00567, 0.0, 0.0, 0.0, 0.0, 1.0],
                [1.0, 0.0, -0.0, -0.0, -0.0, 0.00567, -0.999984, 0.374726, -0.0, 0.999984, 0.00567, 0.0, 0.0, 0.0, 0.0, 1.0]
            ]
        },
        {
            "name": "Torso",
            "time": [0.0, 1.3333, 2.6667],
            "transform": [
                [1.0, 0.0, 0.0, 0.0, 0.0, 0.984808, -0.173648, 0.05, 0.0, 0.173648, 0.984807, 0.0, 0.0, 0.0, 0.0, 1.0],
                [1.0, 0.0, 0.0, 0.0, 0.0, 0.984808, -0.173648, 0.05, 0.0, 0.173648, 0.984807, 0.0, 0.0, 0.0, 0.0, 1.0],
                [1.0, 0.0, 0.0, 0.0, 0.0, 0.984808, -0.173648, 0.05, 0.0, 0.173648, 0.984807, 0.0, 0.0, 0.0, 0.0, 1.0]
            ]
        },
        {
            "name": "Chest",
            "time": [0.0, 1.3333, 2.6667],
            "transform": [
                [0.981186, -0.017764, -0.192245, 0.0, 0.051581, 0.983682, 0.172364, 0.3, 0.186046, -0.179038, 0.966092, 0.0, 0.0, 0.0, 0.0, 1.0],
                [0.981186, -0.017764, -0.192245, 0.0, 0.0676, 0.964334, 0.255909, 0.3, 0.180843, -0.26409, 0.947393, -0.0, 0.0, 0.0, 0.0, 1.0],
                [0.981186, -0.017764, -0.192245, 0.0, 0.051581, 0.983682, 0.172364, 0.3, 0.186046, -0.179038, 0.966092, 0.0, 0.0, 0.0, 0.0, 1.0]
            ]
        },
        {
            "name": "Head",
            "time": [0.0, 1.3333, 2.6667],
            "transform": [
                [0.981232, 0.009562, 0.192599, 0.0, -0.008448, 0.999943, -0.006608, 0.4, -0.192651, 0.004857, 0.981255, 0.0, 0.0, 0.0, 0.0, 1.0],
                [0.981388, 0.026238, 0.190238, -0.0, -0.008449, 0.995562, -0.093723, 0.4, -0.191853, 0.090372, 0.977254, -0.0, 0.0, 0.0, 0.0, 1.0],
                [0.981232, 0.009562, 0.192599, 0.0, -0.008448, 0.999943, -0.006608, 0.4, -0.192651, 0.004857, 0.981255, 0.0, 0.0, 0.0, 0.0, 1.0]
            ]
        },
        {
            "name": "Shoulder_R",
            "time": [0.0, 1.3333, 2.6667],
            "transform": [
                [-0.0, 0.952114, 0.305744, 0.0, 0.0, -0.305743, 0.952115, 0.4, 1.000001, 0.0, -0.0, 0.0, 0.0, 0.0, 0.0, 1.0],
                [-0.0, 0.952114, 0.305744, -0.0, 0.0, -0.305743, 0.952115, 0.4, 1.000001, 0.0, -0.0, -0.0, 0.0, 0.0, 0.0, 1.0],
                [-0.0, 0.952114, 0.305744, 0.0, 0.0, -0.305743, 0.952115, 0.4, 1.000001, 0.0, -0.0, 0.0, 0.0, 0.0, 0.0, 1.0]
            ]
        },
        {
            "name": "Arm_R",
            "time": [0.0, 1.3333, 2.6667],
            "transform": [
                [0.652651, -0.647997, 0.39263, -0.0, 0.723574, 0.379372, -0.576648, 0.39386, 0.224712, 0.660448, 0.716463, -0.0, 0.0, 0.0, 0.0, 1.0],
                [0.735735, -0.498452, 0.458531, -0.0, 0.663969, 0.397286, -0.633494, 0.393861, 0.133597, 0.770535, 0.623248, 0.0, 0.0, 0.0, 0.0, 1.0],
                [0.652651, -0.647997, 0.39263, -0.0, 0.723574, 0.379372, -0.576648, 0.39386, 0.224712, 0.660448, 0.716463, -0.0, 0.0, 0.0, 0.0, 1.0]
            ]
        },
        {
            "name": "Hand_R",
            "time": [0.0, 1.3333, 2.6667],
            "transform": [
                [0.999998, 7e-06, -9e-06, -0.0, -7e-06, -0.250247, -0.968091, 0.300002, -9e-06, 0.968265, -0.250206, -0.0, 0.0, 0.0, 0.0, 1.0],
                [0.999999, -1e-06, 1e-06, -0.0, 1e-06, -0.210224, -0.977535, 0.300003, 1e-06, 0.977763, -0.210177, 0.0, 0.0, 0.0, 0.0, 1.0],
                [0.999998, 7e-06, -9e-06, -0.0, -7e-06, -0.250247, -0.968091, 0.300002, -9e-06, 0.968265, -0.250206, -0.0, 0.0, 0.0, 0.0, 1.0]
            ]
        },
        {
            "name": "Tool_R",
            "time": [0.0, 1.3333, 2.6667],
            "transform": [
                [0.547145, 0.030676, -0.836476, -0.009086, -0.577995, -0.708978, -0.40407, 0.294568, -0.60544, 0.704563, -0.370183, 0.027016, 0.0, 0.0, 0.0, 1.0],
                [0.547145, 0.030676, -0.836476, -0.009086, -0.577995, -0.708978, -0.40407, 0.294568, -0.60544, 0.704563, -0.370183, 0.027016, 0.0, 0.0, 0.0, 1.0],
                [0.547145, 0.030676, -0.836476, -0.009086, -0.577995, -0.708978, -0.40407, 0.294568, -0.60544, 0.704563, -0.370183, 0.027016, 0.0, 0.0, 0.0, 1.0]
            ]
        },
        {
            "name": "Elbow_R",
            "time": [0.0, 2.6667],
            "transform": [
                [-1.0, 0.0, 0.0, -0.0, -0.0, 0.003946, -0.999992, 0.447206, -0.0, -0.999992, -0.003946, -0.000672, 0.0, 0.0, 0.0, 1.0],
                [-1.0, 0.0, 0.0, -0.0, -0.0, 0.003946, -0.999992, 0.447206, -0.0, -0.999992, -0.003946, -0.000672, 0.0, 0.0, 0.0, 1.0]
            ]
        },
        {
            "name": "Shoulder_L",
            "time": [0.0, 1.3333, 2.6667],
            "transform": [
                [0.0, -0.952114, -0.305744, 0.0, 0.0, -0.305743, 0.952114, 0.4, -1.0, -0.0, -0.0, 0.0, 0.0, 0.0, 0.0, 1.0],
                [0.0, -0.952114, -0.305744, -0.0, 0.0, -0.305744, 0.952114, 0.4, -1.0, -0.0, -0.0, -0.0, 0.0, 0.0, 0.0, 1.0],
                [0.0, -0.952114, -0.305744, 0.0, 0.0, -0.305743, 0.952114, 0.4, -1.0, -0.0, -0.0, 0.0, 0.0, 0.0, 0.0, 1.0]
            ]
        },
        {
            "name": "Arm_L",
            "time": [0.0, 1.3333, 2.6667],
            "transform": [
                [0.137036, 0.104398, -0.985047, 0.0, -0.427256, -0.890939, -0.153863, 0.39386, -0.893675, 0.441956, -0.077487, 0.0, 0.0, 0.0, 0.0, 1.0],
                [0.210093, 0.013534, -0.977587, -0.0, -0.421762, -0.900819, -0.103114, 0.39386, -0.882017, 0.433977, -0.18355, 0.0, 0.0, 0.0, 0.0, 1.0],
                [0.137036, 0.104398, -0.985047, 0.0, -0.427256, -0.890939, -0.153863, 0.39386, -0.893675, 0.441956, -0.077487, 0.0, 0.0, 0.0, 0.0, 1.0]
            ]
        },
        {
            "name": "Hand_L",
            "time": [0.0, 1.3333, 2.6667],
            "transform": [
                [1.000004, -0.0, 0.0, 0.0, -0.0, 0.999991, -0.001005, 0.300003, -0.0, 0.001005, 1.000012, 0.0, 0.0, 0.0, 0.0, 1.0],
                [1.000004, -0.0, 0.0, -0.0, -0.0, 0.999991, -0.001005, 0.300002, -0.0, 0.001006, 1.00001, -0.0, 0.0, 0.0, 0.0, 1.0],
                [1.000004, -0.0, 0.0, 0.0, -0.0, 0.999991, -0.001005, 0.300003, -0.0, 0.001005, 1.000012, 0.0, 0.0, 0.0, 0.0, 1.0]
            ]
        },
        {
            "name": "Tool_L",
            "time": [0.0, 2.6667],
            "transform": [
                [1.0, -0.0, 0.0, -0.0, 0.0, -0.973887, -0.227034, 0.271711, 0.0, 0.227034, -0.973887, -0.028915, 0.0, 0.0, 0.0, 1.0],
                [1.0, -0.0, 0.0, -0.0, 0.0, -0.973887, -0.227034, 0.271711, 0.0, 0.227034, -0.973887, -0.028915, 0.0, 0.0, 0.0, 1.0]
            ]
        },
        {
            "name": "Elbow_L",
            "time": [0.0, 2.6667],
            "transform": [
                [-1.0, 0.0, -0.0, 0.0, 0.0, 0.003946, -0.999992, 0.300007, -0.0, -0.999993, -0.003946, -0.001252, 0.0, 0.0, 0.0, 1.0],
                [-1.0, 0.0, -0.0, 0.0, 0.0, 0.003946, -0.999992, 0.300007, -0.0, -0.999993, -0.003946, -0.001252, 0.0, 0.0, 0.0, 1.0]
            ]
        }
    ]
}