{
    "animation": [
        {
            "name": "Root",
            "time": [0.0, 0.0667, 0.1167, 0.1667, 0.2167],
            "transform": [
                [1.0, 0.0, 0.0, -5e-06, 0.0, 0.0, -1.0, 0.000946, 0.0, 1.0, 0.0, 0.763972, 0.0, 0.0, 0.0, 1.0],
                [1.0, 0.0, 0.0, -5e-06, 0.0, 0.0, -1.0, 0.000946, 0.0, 1.0, 0.0, 0.763972, 0.0, 0.0, 0.0, 1.0],
                [1.0, 0.0, 0.0, -5e-06, 0.0, 0.0, -1.0, 0.000946, 0.0, 1.0, 0.0, 0.763972, 0.0, 0.0, 0.0, 1.0],
                [1.0, 0.0, 0.0, -5e-06, 0.0, 0.0, -1.0, 0.000946, 0.0, 1.0, 0.0, 0.763972, 0.0, 0.0, 0.0, 1.0],
                [1.0, 0.0, 0.0, -5e-06, 0.0, 0.0, -1.0, 0.000946, 0.0, 1.0, 0.0, 0.763972, 0.0, 0.0, 0.0, 1.0]
            ]
        },
        {
            "name": "Thigh_R",
            "time": [0.0, 0.0667, 0.1167, 0.1667, 0.2167],
            "transform": [
                [1.0, -0.0, 0.0, 0.124994, -0.0, -0.999961, 0.008887, -0.002831, 0.0, -0.008887, -0.999963, -1.2e-05, 0.0, 0.0, 0.0, 1.0],
                [1.0, -0.0, 0.0, 0.124994, -0.0, -0.999961, 0.008811, -0.002831, 0.0, -0.008811, -0.999963, -1.2e-05, 0.0, 0.0, 0.0, 1.0],
                [1.0, -0.0, 0.0, 0.124994, -0.0, -0.99996, 0.008972, -0.002831, 0.0, -0.008972, -0.999962, -1.2e-05, 0.0, 0.0, 0.0, 1.0],
                [1.0, -0.0, 0.0, 0.124994, -0.0, -0.999958, 0.009294, -0.002831, 0.0, -0.009294, -0.999959, -1.2e-05, 0.0, 0.0, 0.0, 1.0],
                [1.0, -0.0, 0.0, 0.124994, -0.0, -0.999957, 0.009372, -0.002831, 0.0, -0.009372, -0.999958, -1.2e-05, 0.0, 0.0, 0.0, 1.0]
            ]
        },
        {
            "name": "Leg_R",
            "time": [0.0, 0.0667, 0.1167, 0.1667, 0.2167],
            "transform": [
                [1.0, -0.0, 1e-06, 0.0, -0.0, 0.999886, 0.017764, 0.374726, -1e-06, -0.017766, 0.999793, -0.0, 0.0, 0.0, 0.0, 1.0],
                [1.0, -0.0, 1e-06, -0.0, -0.0, 0.999887, 0.017613, 0.374726, -1e-06, -0.017615, 0.999798, -0.0, 0.0, 0.0, 0.0, 1.0],
                [1.0, -0.0, 1e-06, 0.0, -0.0, 0.999884, 0.017936, 0.374726, -1e-06, -0.017938, 0.999788, 0.0, 0.0, 0.0, 0.0, 1.0],
                [1.0, -0.0, 1e-06, -0.0, -0.0, 0.999878, 0.018578, 0.374726, -1e-06, -0.018581, 0.999769, 0.0, 0.0, 0.0, 0.0, 1.0],
                [1.0, -0.0, 1e-06, -0.0, -0.0, 0.999877, 0.018734, 0.374726, -1e-06, -0.018736, 0.999765, 0.0, 0.0, 0.0, 0.0, 1.0]
            ]
        },
        {
            "name": "Knee_R",
            "time": [0.0, 0.2167],
            "transform": [
                [1.0, 0.0, -0.0, -0.0, -0.0, 0.00567, -0.999984, 0.374726, -0.0, 0.999984, 0.00567, -0.0, 0.0, 0.0, 0.0, 1.0],
                [1.0, 0.0, -0.0, -0.0, -0.0, 0.00567, -0.999984, 0.374726, -0.0, 0.999984, 0.00567, 0.0, 0.0, 0.0, 0.0, 1.0]
            ]
        },
        {
            "name": "Thigh_L",
            "time": [0.0, 0.0667, 0.1167, 0.1667, 0.2167],
            "transform": [
                [1.0, -0.0, 0.0, -0.125006, -0.0, -0.999978, 0.006764, -0.002832, 0.0, -0.006764, -0.999978, -1.2e-05, 0.0, 0.0, 0.0, 1.0],
                [1.0, -0.0, 0.0, -0.125006, -0.0, -0.999978, 0.006709, -0.002832, 0.0, -0.006709, -0.999979, -1.2e-05, 0.0, 0.0, 0.0, 1.0],
                [1.0, -0.0, 0.0, -0.125006, -0.0, -0.999977, 0.006829, -0.002832, 0.0, -0.006829, -0.999978, -1.2e-05, 0.0, 0.0, 0.0, 1.0],
                [1.0, -0.0, 0.0, -0.125006, -0.0, -0.999976, 0.007041, -0.002832, 0.0, -0.007041, -0.999977, -1.2e-05, 0.0, 0.0, 0.0, 1.0],
                [1.0, -0.0, 0.0, -0.125006, -0.0, -0.999976, 0.007078, -0.002832, 0.0, -0.007078, -0.999977, -1.2e-05, 0.0, 0.0, 0.0, 1.0]
            ]
        },
        {
            "name": "Leg_L",
            "time": [0.0, 0.0667, 0.1167, 0.1667, 0.2167],
            "transform": [
                [1.0, -0.0, 1e-06, -0.0, -0.0, 0.999917, 0.013522, 0.374726, -1e-06, -0.013522, 0.999898, 0.0, 0.0, 0.0, 0.0, 1.0],
                [1.0, -0.0, 1e-06, -0.0, -0.0, 0.999918, 0.013412, 0.374726, -1e-06, -0.013413, 0.9999, -0.0, 0.0, 0.0, 0.0, 1.0],
                [1.0, -0.0, 1e-06, -0.0, -0.0, 0.999916, 0.013653, 0.374726, -1e-06, -0.013653, 0.999896, -0.0, 0.0, 0.0, 0.0, 1.0],
                [1.0, -0.0, 1e-06, -0.0, -0.0, 0.999912, 0.014075, 0.374726, -1e-06, -0.014076, 0.999887, -0.0, 0.0, 0.0, 0.0, 1.0],
                [1.0, -0.0, 1e-06, -0.0, -0.0, 0.999911, 0.014149, 0.374726, -1e-06, -0.01415, 0.999886, -0.0, 0.0, 0.0, 0.0, 1.0]
            ]
        },
        {
            "name": "Knee_L",
            "time": [0.0, 0.2167],
            "transform": [
                [1.0, 0.0, -0.0, -0.0, -0.0, 0.00567, -0.999984, 0.374726, -0.0, 0.999984, 0.00567, -0.0, 0.0, 0.0, 0.0, 1.0],
                [1.0, 0.0, -0.0, -0.0, -0.0, 0.00567, -0.999984, 0.374726, -0.0, 0.999984, 0.00567, -0.0, 0.0, 0.0, 0.0, 1.0]
            ]
        },
        {
            "name": "Torso",
            "time": [0.0, 0.0667, 0.1167, 0.1667, 0.2167],
            "transform": [
                [1.0, 0.0, 0.0, 0.0, 0.0, 1.0, 0.0, 0.05, 0.0, 0.0, 1.0, 0.0, 0.0, 0.0, 0.0, 1.0],
                [1.0, 0.0, 0.0, 0.0, 0.0, 1.0, 0.0, 0.05, 0.0, 0.0, 1.0, 0.0, 0.0, 0.0, 0.0, 1.0],
                [1.0, 0.0, 0.0, 0.0, 0.0, 1.0, 0.0, 0.05, 0.0, 0.0, 1.0, 0.0, 0.0, 0.0, 0.0, 1.0],
                [1.0, 0.0, 0.0, 0.0, 0.0, 1.0, 0.0, 0.05, 0.0, 0.0, 1.0, 0.0, 0.0, 0.0, 0.0, 1.0],
                [1.0, 0.0, 0.0, 0.0, 0.0, 1.0, 0.0, 0.05, 0.0, 0.0, 1.0, 0.0, 0.0, 0.0, 0.0, 1.0]
            ]
        },
        {
            "name": "Chest",
            "time": [0.0, 0.0667, 0.1167, 0.1667, 0.2167],
            "transform": [
                [0.992403, 0.061714, -0.106423, 0.0, -0.086824, 0.964216, -0.250497, 0.3, 0.087156, 0.257834, 0.96225, 0.0, 0.0, 0.0, 0.0, 1.0],
                [0.996194, -0.022558, -0.084186, 0.0, -0.0, 0.965926, -0.258819, 0.3, 0.087156, 0.257834, 0.96225, 0.0, 0.0, 0.0, 0.0, 1.0],
                [0.996194, -0.022558, -0.084186, 0.0, 0.029809, 0.995857, 0.085899, 0.3, 0.0819, -0.088081, 0.992741, 0.0, 0.0, 0.0, 0.0, 1.0],
                [0.996194, -0.022558, -0.084186, 0.0, 0.043578, 0.965433, 0.256981, 0.3, 0.075479, -0.259672, 0.962743, 0.0, 0.0, 0.0, 0.0, 1.0],
                [0.996194, -0.022558, -0.084186, 0.0, 0.043578, 0.965433, 0.256981, 0.3, 0.075479, -0.259672, 0.962743, 0.0, 0.0, 0.0, 0.0, 1.0]
            ]
        },
        {
            "name": "Head",
            "time": [0.0, 0.0667, 0.1167, 0.1667, 0.2167],
            "transform": [
                [0.992631, -0.082886, 0.088399, 0.0, 0.056814, 0.962664, 0.264668, 0.4, -0.107035, -0.257696, 0.96028, -0.0, 0.0, 0.0, 0.0, 1.0],
                [0.996023, 0.003953, 0.089011, 0.0, -0.027465, 0.963988, 0.264523, 0.4, -0.08476, -0.265916, 0.960263, -0.0, 0.0, 0.0, 0.0, 1.0],
                [0.995896, 0.033797, 0.083963, -0.0, -0.026969, 0.996335, -0.081175, 0.4, -0.086399, 0.078577, 0.993157, 0.0, 0.0, 0.0, 0.0, 1.0],
                [0.999314, -0.010117, 0.035655, -0.0, 0.018333, 0.97102, -0.238297, 0.4, -0.032211, 0.238787, 0.970538, -0.0, 0.0, 0.0, 0.0, 1.0],
                [0.999314, -0.010117, 0.035655, -0.0, 0.018333, 0.97102, -0.238297, 0.4, -0.032211, 0.238787, 0.970538, -0.0, 0.0, 0.0, 0.0, 1.0]
            ]
        },
        {
            "name": "Shoulder_R",
            "time": [0.0, 0.0667, 0.1167, 0.1667, 0.2167],
            "transform": [
                [0.0, 0.952114, 0.305744, 0.0, 0.0, -0.305743, 0.952114, 0.4, 1.0, 0.0, -0.0, -0.0, 0.0, 0.0, 0.0, 1.0],
                [0.0, 0.952114, 0.305744, 0.0, 0.0, -0.305743, 0.952114, 0.4, 1.0, 0.0, -0.0, -0.0, 0.0, 0.0, 0.0, 1.0],
                [0.0, 0.952114, 0.305743, -0.0, 0.0, -0.305743, 0.952114, 0.4, 1.0, 0.0, -0.0, 0.0, 0.0, 0.0, 0.0, 1.0],
                [0.0, 0.952114, 0.305744, -0.0, 0.0, -0.305743, 0.952114, 0.4, 1.0, 0.0, -0.0, -0.0, 0.0, 0.0, 0.0, 1.0],
                [0.0, 0.952114, 0.305744, -0.0, 0.0, -0.305743, 0.952114, 0.4, 1.0, 0.0, -0.0, -0.0, 0.0, 0.0, 0.0, 1.0]
            ]
        },
        {
            "name": "Arm_R",
            "time": [0.0, 0.0667, 0.1167, 0.1667, 0.2167],
            "transform": [
                [0.253193, -0.537035, 0.804674, 0.0, 0.967352, 0.130802, -0.217087, 0.39386, 0.01133, 0.833366, 0.55262, 0.0, 0.0, 0.0, 0.0, 1.0],
                [0.199098, -0.888367, 0.413734, 0.0, 0.969238, 0.116162, -0.216999, 0.39386, 0.144712, 0.44421, 0.884165, -0.0, 0.0, 0.0, 0.0, 1.0],
                [-0.102954, -0.707162, 0.699526, -0.0, 0.954121, -0.269, -0.131511, 0.39386, 0.281169, 0.653893, 0.702412, 0.0, 0.0, 0.0, 0.0, 1.0],
                [-0.112595, -0.982437, 0.148851, -0.0, 0.948233, -0.151006, -0.279385, 0.39386, 0.296952, 0.109687, 0.94858, 0.0, 0.0, 0.0, 0.0, 1.0],
                [-0.118076, -0.698925, -0.705393, 0.0, 0.954135, 0.116953, -0.275595, 0.39386, 0.275115, -0.70558, 0.653058, -0.0, 0.0, 0.0, 0.0, 1.0]
            ]
        },
        {
            "name": "Hand_R",
            "time": [0.0, 0.0667, 0.1167, 0.1667, 0.2167],
            "transform": [
                [1.0, 0.0, 0.0, -0.0, 0.0, 0.336905, -0.941535, 0.300003, -0.0, 0.941546, 0.336901, -0.0, 0.0, 0.0, 0.0, 1.0],
                [1.000001, -0.0, 0.0, -0.0, 0.0, 0.501587, -0.865104, 0.300002, -0.0, 0.865116, 0.501581, 0.0, 0.0, 0.0, 0.0, 1.0],
                [1.0, -1e-06, 0.0, -0.0, 1e-06, 0.922868, -0.385129, 0.300002, 0.0, 0.385133, 0.922858, 0.0, 0.0, 0.0, 0.0, 1.0],
                [1.000001, -1e-06, 0.0, -0.0, 1e-06, 0.966732, -0.255812, 0.300003, 0.0, 0.255816, 0.966719, 0.0, 0.0, 0.0, 0.0, 1.0],
                [1.0, -1e-06, 0.0, -0.0, 1e-06, 0.946453, -0.322857, 0.300003, 0.0, 0.322862, 0.946439, 0.0, 0.0, 0.0, 0.0, 1.0]
            ]
        },
        {
            "name": "Tool_R",
            "time": [0.0, 0.0667, 0.1167, 0.1667, 0.2167],
            "transform": [
                [0.979084, 0.09868, -0.177921, -0.012825, 0.035918, -0.944601, -0.326247, 0.231747, -0.200258, 0.313033, -0.92839, 0.002323, 0.0, 0.0, 0.0, 1.0],
                [0.999213, 0.002067, -0.039594, -0.012825, -0.008686, -0.962967, -0.269476, 0.231748, -0.038685, 0.269609, -0.962192, 0.002323, 0.0, 0.0, 0.0, 1.0],
                [0.999213, 0.002068, -0.039594, -0.012825, -0.008686, -0.962968, -0.269477, 0.231748, -0.038685, 0.269609, -0.962193, 0.002322, 0.0, 0.0, 0.0, 1.0],
                [0.999213, 0.002068, -0.039594, -0.012825, -0.008686, -0.962968, -0.269477, 0.231748, -0.038685, 0.269609, -0.962192, 0.002322, 0.0, 0.0, 0.0, 1.0],
                [0.999213, 0.002068, -0.039594, -0.012825, -0.008686, -0.962968, -0.269477, 0.231748, -0.038685, 0.269609, -0.962192, 0.002322, 0.0, 0.0, 0.0, 1.0]
            ]
        },
        {
            "name": "Elbow_R",
            "time": [0.0, 0.2167],
            "transform": [
                [-1.0, 0.0, 0.0, -0.0, 0.0, 0.003946, -0.999992, 0.414196, -0.0, -0.999992, -0.003946, -0.000802, 0.0, 0.0, 0.0, 1.0],
                [-1.0, 0.0, -0.0, -0.0, 0.0, 0.003946, -0.999992, 0.330006, -0.0, -0.999992, -0.003946, -0.001134, 0.0, 0.0, 0.0, 1.0]
            ]
        },
        {
            "name": "Shoulder_L",
            "time": [0.0, 0.0667, 0.1167, 0.1667, 0.2167],
            "transform": [
                [-0.0, -0.952114, -0.305743, 0.0, 0.0, -0.305743, 0.952114, 0.4, -0.999999, 0.0, 0.0, -0.0, 0.0, 0.0, 0.0, 1.0],
                [-0.0, -0.952114, -0.305743, 0.0, 0.0, -0.305743, 0.952114, 0.4, -0.999999, 0.0, 0.0, -0.0, 0.0, 0.0, 0.0, 1.0],
                [-0.0, -0.952113, -0.305743, -0.0, 0.0, -0.305743, 0.952113, 0.4, -0.999999, -0.0, 0.0, 0.0, 0.0, 0.0, 0.0, 1.0],
                [0.0, -0.952114, -0.305743, -0.0, 0.0, -0.305743, 0.952114, 0.4, -0.999999, -0.0, 0.0, -0.0, 0.0, 0.0, 0.0, 1.0],
                [0.0, -0.952114, -0.305743, -0.0, 0.0, -0.305743, 0.952114, 0.4, -0.999999, -0.0, 0.0, -0.0, 0.0, 0.0, 0.0, 1.0]
            ]
        },
        {
            "name": "Arm_L",
            "time": [0.0, 0.0667, 0.1167, 0.1667, 0.2167],
            "transform": [
                [-0.03676, -0.42029, 0.906641, -0.0, -0.929238, 0.348149, 0.123716, 0.39386, -0.367646, -0.837935, -0.403349, -0.0, 0.0, 0.0, 0.0, 1.0],
                [-0.042332, -0.562654, 0.825604, -0.0, -0.921243, 0.341794, 0.1857, 0.39386, -0.386675, -0.752719, -0.532812, 0.0, 0.0, 0.0, 0.0, 1.0],
                [-0.03157, -0.488584, 0.871941, 0.0, -0.927034, 0.340432, 0.157194, 0.39386, -0.373642, -0.803355, -0.463683, 0.0, 0.0, 0.0, 0.0, 1.0],
                [0.024249, -0.25522, 0.966574, 0.0, -0.905874, 0.403346, 0.129229, 0.39386, -0.42285, -0.878725, -0.221416, -0.0, 0.0, 0.0, 0.0, 1.0],
                [0.024249, -0.255218, 0.966575, 0.0, -0.905874, 0.403346, 0.129228, 0.39386, -0.42285, -0.878725, -0.221414, -0.0, 0.0, 0.0, 0.0, 1.0]
            ]
        },
        {
            "name": "Hand_L",
            "time": [0.0, 0.0667, 0.1167, 0.1667, 0.2167],
            "transform": [
                [1.000002, -1e-06, 1e-06, -0.0, 1e-06, 0.564527, -0.825421, 0.300002, 1e-06, 0.825395, 0.564541, 0.0, 0.0, 0.0, 0.0, 1.0],
                [1.000002, -2e-06, 1e-06, -0.0, 2e-06, 0.490187, -0.871625, 0.300003, 1e-06, 0.871601, 0.490198, 0.0, 0.0, 0.0, 0.0, 1.0],
                [1.000003, 0.0, -0.0, -0.0, -0.0, 0.768512, -0.639831, 0.300003, -0.0, 0.639815, 0.768527, 0.0, 0.0, 0.0, 0.0, 1.0],
                [1.000003, 0.0, -0.0, -0.0, -0.0, 0.960912, -0.27682, 0.300003, -0.0, 0.276813, 0.96093, 0.0, 0.0, 0.0, 0.0, 1.0],
                [1.000003, -0.0, 0.0, 0.0, 0.0, 0.960913, -0.276816, 0.300003, 0.0, 0.276809, 0.960931, -0.0, 0.0, 0.0, 0.0, 1.0]
            ]
        },
        {
            "name": "Tool_L",
            "time": [0.0, 0.2167],
            "transform": [
                [1.0, -0.0, 0.0, -0.0, -0.0, -0.973887, -0.227034, 0.271711, 0.0, 0.227034, -0.973887, -0.028915, 0.0, 0.0, 0.0, 1.0],
                [1.0, -0.0, 0.0, -0.0, -0.0, -0.973887, -0.227034, 0.271711, 0.0, 0.227034, -0.973887, -0.028915, 0.0, 0.0, 0.0, 1.0]
            ]
        },
        {
            "name": "Elbow_L",
            "time": [0.0, 0.2167],
            "transform": [
                [-1.0, 0.0, -0.0, 0.0, 0.0, 0.003946, -0.999992, 0.390184, -0.0, -0.999992, -0.003946, -0.000896, 0.0, 0.0, 0.0, 1.0],
                [-1.0, 0.0, -0.0, 0.0, 0.0, 0.003946, -0.999992, 0.325482, -0.0, -0.999993, -0.003946, -0.001152, 0.0, 0.0, 0.0, 1.0]
            ]
        }
    ]
}