{
    "animation": [
        {
            "name": "Root",
            "time": [0.0, 0.25, 0.5, 0.6667],
            "transform": [
                [1.0, 0.0, 0.0, -5e-06, 0.0, 0.0, -1.0, 0.000946, 0.0, 1.0, 0.0, 0.763972, 0.0, 0.0, 0.0, 1.0],
                [1.0, 0.0, 0.0, -5e-06, 0.0, 0.0, -1.0, 0.000946, 0.0, 1.0, 0.0, 0.763972, 0.0, 0.0, 0.0, 1.0],
                [1.0, 0.0, 0.0, -5e-06, 0.0, 0.0, -1.0, 0.000946, 0.0, 1.0, 0.0, 0.763972, 0.0, 0.0, 0.0, 1.0],
                [1.0, 0.0, 0.0, -5e-06, 0.0, 0.0, -1.0, 0.000946, 0.0, 1.0, 0.0, 0.763972, 0.0, 0.0, 0.0, 1.0]
            ]
        },
        {
            "name": "Thigh_R",
            "time": [0.0, 0.25, 0.5, 0.6667],
            "transform": [
                [1.0, -0.0, 0.0, 0.124994, -0.0, -0.999941, 0.010931, -0.002831, 0.0, -0.010931, -0.999943, -1.2e-05, 0.0, 0.0, 0.0, 1.0],
                [1.0, -0.0, 0.0, 0.124994, -0.0, -0.99994, 0.011066, -0.002831, 0.0, -0.011066, -0.999942, -1.2e-05, 0.0, 0.0, 0.0, 1.0],
                [1.0, -0.0, 0.0, 0.124994, -0.0, -0.99994, 0.011066, -0.002831, 0.0, -0.011066, -0.999942, -1.2e-05, 0.0, 0.0, 0.0, 1.0],
                [1.0, -0.0, 0.0, 0.124994, -0.0, -0.999941, 0.010931, -0.002831, 0.0, -0.010931, -0.999943, -1.2e-05, 0.0, 0.0, 0.0, 1.0]
            ]
        },
        {
            "name": "Leg_R",
            "time": [0.0, 0.25, 0.5, 0.6667],
            "transform": [
                [1.0, -0.0, 1e-06, 0.0, -0.0, 0.999843, 0.02185, 0.374726, -1e-06, -0.021854, 0.999666, -0.0, 0.0, 0.0, 0.0, 1.0],
                [1.0, -0.0, 1e-06, 0.0, -0.0, 0.99984, 0.022119, 0.374726, -1e-06, -0.022123, 0.999656, -0.0, 0.0, 0.0, 0.0, 1.0],
                [1.0, -0.0, 1e-06, 0.0, -0.0, 0.99984, 0.022119, 0.374726, -1e-06, -0.022123, 0.999656, -0.0, 0.0, 0.0, 0.0, 1.0],
                [1.0, -0.0, 1e-06, 0.0, -0.0, 0.999843, 0.02185, 0.374726, -1e-06, -0.021854, 0.999666, -0.0, 0.0, 0.0, 0.0, 1.0]
            ]
        },
        {
            "name": "Knee_R",
            "time": [0.0, 0.6667],
            "transform": [
                [1.0, 0.0, -0.0, 0.0, -0.0, 0.00567, -0.999984, 0.374726, -0.0, 0.999984, 0.00567, -0.0, 0.0, 0.0, 0.0, 1.0],
                [1.0, 0.0, -0.0, 0.0, -0.0, 0.00567, -0.999984, 0.374726, -0.0, 0.999984, 0.00567, -0.0, 0.0, 0.0, 0.0, 1.0]
            ]
        },
        {
            "name": "Thigh_L",
            "time": [0.0, 0.25, 0.5, 0.6667],
            "transform": [
                [1.0, -0.0, 0.0, -0.125006, -0.0, -0.999974, 0.007528, -0.002833, 0.0, -0.007528, -0.999974, -1.2e-05, 0.0, 0.0, 0.0, 1.0],
                [1.0, -0.0, 0.0, -0.125006, -0.0, -0.999974, 0.007543, -0.002833, 0.0, -0.007543, -0.999974, -1.2e-05, 0.0, 0.0, 0.0, 1.0],
                [1.0, -0.0, 0.0, -0.125006, -0.0, -0.999974, 0.007543, -0.002833, 0.0, -0.007543, -0.999974, -1.2e-05, 0.0, 0.0, 0.0, 1.0],
                [1.0, -0.0, 0.0, -0.125006, -0.0, -0.999974, 0.007528, -0.002833, 0.0, -0.007528, -0.999974, -1.2e-05, 0.0, 0.0, 0.0, 1.0]
            ]
        },
        {
            "name": "Leg_L",
            "time": [0.0, 0.25, 0.5, 0.6667],
            "transform": [
                [1.0, -0.0, 1e-06, -0.0, -0.0, 0.999898, 0.015049, 0.374726, -1e-06, -0.01505, 0.999866, -0.0, 0.0, 0.0, 0.0, 1.0],
                [1.0, -0.0, 1e-06, -0.0, -0.0, 0.999898, 0.01508, 0.374726, -1e-06, -0.015081, 0.999865, -0.0, 0.0, 0.0, 0.0, 1.0],
                [1.0, -0.0, 1e-06, -0.0, -0.0, 0.999898, 0.01508, 0.374726, -1e-06, -0.015081, 0.999865, -0.0, 0.0, 0.0, 0.0, 1.0],
                [1.0, -0.0, 1e-06, -0.0, -0.0, 0.999898, 0.015049, 0.374726, -1e-06, -0.01505, 0.999866, -0.0, 0.0, 0.0, 0.0, 1.0]
            ]
        },
        {
            "name": "Knee_L",
            "time": [0.0, 0.6667],
            "transform": [
                [1.0, 0.0, -0.0, -0.0, -0.0, 0.00567, -0.999984, 0.374726, -0.0, 0.999984, 0.00567, -0.0, 0.0, 0.0, 0.0, 1.0],
                [1.0, 0.0, -0.0, -0.0, -0.0, 0.00567, -0.999984, 0.374726, -0.0, 0.999984, 0.00567, -0.0, 0.0, 0.0, 0.0, 1.0]
            ]
        },
        {
            "name": "Torso",
            "time": [0.0, 0.25, 0.5, 0.6667],
            "transform": [
                [1.0, 0.0, 0.0, 0.0, 0.0, 1.0, 0.0, 0.05, 0.0, 0.0, 1.0, 0.0, 0.0, 0.0, 0.0, 1.0],
                [1.0, 0.0, 0.0, 0.0, 0.0, 1.0, 0.0, 0.05, 0.0, 0.0, 1.0, 0.0, 0.0, 0.0, 0.0, 1.0],
                [1.0, 0.0, 0.0, 0.0, 0.0, 1.0, 0.0, 0.05, 0.0, 0.0, 1.0, 0.0, 0.0, 0.0, 0.0, 1.0],
                [1.0, 0.0, 0.0, 0.0, 0.0, 1.0, 0.0, 0.05, 0.0, 0.0, 1.0, 0.0, 0.0, 0.0, 0.0, 1.0]
            ]
        },
        {
            "name": "Chest",
            "time": [0.0, 0.25, 0.5, 0.6667],
            "transform": [
                [0.683932, 0.131046, -0.71768, 0.0, 0.021191, 0.979751, 0.199094, 0.3, 0.729238, -0.151375, 0.667306, 0.0, 0.0, 0.0, 0.0, 1.0],
                [0.683932, 0.131046, -0.71768, 0.0, 0.021191, 0.979751, 0.199094, 0.3, 0.729238, -0.151375, 0.667306, 0.0, 0.0, 0.0, 0.0, 1.0],
                [0.683932, 0.131046, -0.71768, 0.0, 0.084668, 0.96283, 0.256495, 0.3, 0.724616, -0.236189, 0.647414, 0.0, 0.0, 0.0, 0.0, 1.0],
                [0.683932, 0.131046, -0.71768, 0.0, 0.021191, 0.979751, 0.199094, 0.3, 0.729238, -0.151375, 0.667306, 0.0, 0.0, 0.0, 0.0, 1.0]
            ]
        },
        {
            "name": "Head",
            "time": [0.0, 0.25, 0.5, 0.6667],
            "transform": [
                [0.797714, -0.240945, 0.55281, -0.0, 0.111598, 0.959861, 0.257321, 0.4, -0.592621, -0.143576, 0.792582, -0.0, 0.0, 0.0, 0.0, 1.0],
                [0.798163, -0.191909, 0.57106, -0.0, 0.111811, 0.978627, 0.172598, 0.4, -0.591977, -0.07391, 0.802559, -0.0, 0.0, 0.0, 0.0, 1.0],
                [0.797902, -0.202718, 0.567679, 0.0, 0.126727, 0.977122, 0.170808, 0.4, -0.589317, -0.064348, 0.805336, 0.0, 0.0, 0.0, 0.0, 1.0],
                [0.797714, -0.240945, 0.55281, -0.0, 0.111598, 0.959861, 0.257321, 0.4, -0.592621, -0.143576, 0.792582, -0.0, 0.0, 0.0, 0.0, 1.0]
            ]
        },
        {
            "name": "Shoulder_R",
            "time": [0.0, 0.25, 0.5, 0.6667],
            "transform": [
                [-0.0, 0.952115, 0.305744, -0.0, 0.0, -0.305744, 0.952115, 0.4, 1.000001, 0.0, -0.0, -0.0, 0.0, 0.0, 0.0, 1.0],
                [-0.0, 0.952115, 0.305744, -0.0, 0.0, -0.305744, 0.952115, 0.4, 1.000001, 0.0, -0.0, -0.0, 0.0, 0.0, 0.0, 1.0],
                [-0.0, 0.952115, 0.305744, 0.0, 0.0, -0.305744, 0.952115, 0.4, 1.000001, 0.0, 0.0, 0.0, 0.0, 0.0, 0.0, 1.0],
                [-0.0, 0.952115, 0.305744, -0.0, 0.0, -0.305744, 0.952115, 0.4, 1.000001, 0.0, -0.0, -0.0, 0.0, 0.0, 0.0, 1.0]
            ]
        },
        {
            "name": "Arm_R",
            "time": [0.0, 0.25, 0.5, 0.6667],
            "transform": [
                [-0.613879, -0.676001, -0.407664, 0.0, 0.735952, -0.303288, -0.605307, 0.39386, 0.285547, -0.671611, 0.683676, 0.0, 0.0, 0.0, 0.0, 1.0],
                [-0.649743, -0.648023, -0.397386, -0.0, 0.705291, -0.318898, -0.633146, 0.39386, 0.283566, -0.69166, 0.664236, -0.0, 0.0, 0.0, 0.0, 1.0],
                [-0.647295, -0.677195, -0.349903, 0.0, 0.589099, -0.153128, -0.793422, 0.39386, 0.483719, -0.71971, 0.498045, -0.0, 0.0, 0.0, 0.0, 1.0],
                [-0.613879, -0.676001, -0.407664, 0.0, 0.735952, -0.303288, -0.605307, 0.39386, 0.285547, -0.671611, 0.683676, 0.0, 0.0, 0.0, 0.0, 1.0]
            ]
        },
        {
            "name": "Hand_R",
            "time": [0.0, 0.25, 0.5, 0.6667],
            "transform": [
                [0.999999, -3e-06, 1e-06, 0.0, 3e-06, 0.717053, -0.696996, 0.300002, 1e-06, 0.697191, 0.716869, 0.0, 0.0, 0.0, 0.0, 1.0],
                [0.999998, -2e-06, 1e-06, 0.0, 2e-06, 0.701446, -0.712691, 0.300002, 1e-06, 0.712909, 0.701249, -0.0, 0.0, 0.0, 0.0, 1.0],
                [0.999998, -2e-06, 1e-06, -0.0, 2e-06, 0.466284, -0.884511, 0.300003, 1e-06, 0.884802, 0.466142, 0.0, 0.0, 0.0, 0.0, 1.0],
                [0.999999, -3e-06, 1e-06, 0.0, 3e-06, 0.717053, -0.696996, 0.300002, 1e-06, 0.697191, 0.716869, 0.0, 0.0, 0.0, 0.0, 1.0]
            ]
        },
        {
            "name": "Tool_R",
            "time": [0.0, 0.25, 0.5, 0.6667],
            "transform": [
                [0.927555, 0.372402, -0.030978, -0.040623, -0.019874, -0.033619, -0.999238, 0.221329, -0.37316, 0.927463, -0.023782, -0.029314, 0.0, 0.0, 0.0, 1.0],
                [0.927555, 0.372402, -0.030978, -0.040623, -0.019874, -0.033619, -0.999238, 0.221329, -0.37316, 0.927463, -0.023782, -0.029314, 0.0, 0.0, 0.0, 1.0],
                [0.927555, 0.372403, -0.030978, -0.040623, -0.019874, -0.033618, -0.999239, 0.221329, -0.37316, 0.927463, -0.023781, -0.029314, 0.0, 0.0, 0.0, 1.0],
                [0.927555, 0.372402, -0.030978, -0.040623, -0.019874, -0.033619, -0.999238, 0.221329, -0.37316, 0.927463, -0.023782, -0.029314, 0.0, 0.0, 0.0, 1.0]
            ]
        },
        {
            "name": "Elbow_R",
            "time": [0.0, 0.6667],
            "transform": [
                [-1.0, 0.0, -0.0, -0.0, 0.0, 0.003946, -0.999992, 0.371481, -0.0, -0.999992, -0.003946, -0.00097, 0.0, 0.0, 0.0, 1.0],
                [-1.0, 0.0, -0.0, -0.0, 0.0, 0.003946, -0.999992, 0.371481, -0.0, -0.999992, -0.003946, -0.00097, 0.0, 0.0, 0.0, 1.0]
            ]
        },
        {
            "name": "Shoulder_L",
            "time": [0.0, 0.25, 0.5, 0.6667],
            "transform": [
                [0.0, -0.952114, -0.305744, -0.0, 0.0, -0.305744, 0.952114, 0.4, -1.0, -0.0, -0.0, -0.0, 0.0, 0.0, 0.0, 1.0],
                [0.0, -0.952114, -0.305744, -0.0, 0.0, -0.305744, 0.952114, 0.4, -1.0, -0.0, -0.0, -0.0, 0.0, 0.0, 0.0, 1.0],
                [0.0, -0.952114, -0.305744, 0.0, 0.0, -0.305744, 0.952114, 0.4, -1.0, -0.0, 0.0, 0.0, 0.0, 0.0, 0.0, 1.0],
                [0.0, -0.952114, -0.305744, -0.0, 0.0, -0.305744, 0.952114, 0.4, -1.0, -0.0, -0.0, -0.0, 0.0, 0.0, 0.0, 1.0]
            ]
        },
        {
            "name": "Arm_L",
            "time": [0.0, 0.25, 0.5, 0.6667],
            "transform": [
                [-0.309805, 0.654827, 0.689358, -0.0, -0.598663, 0.428915, -0.676477, 0.39386, -0.738647, -0.622277, 0.259143, 0.0, 0.0, 0.0, 0.0, 1.0],
                [-0.36483, 0.861824, 0.352352, -0.0, -0.601826, 0.070466, -0.795503, 0.39386, -0.710407, -0.502285, 0.492964, 0.0, 0.0, 0.0, 0.0, 1.0],
                [-0.232757, 0.934749, 0.268444, 0.0, -0.551182, 0.100621, -0.828288, 0.39386, -0.801247, -0.340756, 0.491801, 0.0, 0.0, 0.0, 0.0, 1.0],
                [-0.309805, 0.654827, 0.689358, -0.0, -0.598663, 0.428915, -0.676477, 0.39386, -0.738647, -0.622277, 0.259143, 0.0, 0.0, 0.0, 0.0, 1.0]
            ]
        },
        {
            "name": "Hand_L",
            "time": [0.0, 0.25, 0.5, 0.6667],
            "transform": [
                [1.000003, -0.0, 0.0, -0.0, -0.0, 0.104189, -0.994556, 0.300002, 0.0, 0.99456, 0.104189, 0.0, 0.0, 0.0, 0.0, 1.0],
                [1.000003, -2e-06, 1e-06, 0.0, 2e-06, 0.676958, -0.736021, 0.300003, 1e-06, 0.736025, 0.676958, -0.0, 0.0, 0.0, 0.0, 1.0],
                [1.000004, -2e-06, 1e-06, -0.0, 2e-06, 0.72744, -0.686171, 0.300002, 1e-06, 0.686172, 0.727442, 0.0, 0.0, 0.0, 0.0, 1.0],
                [1.000003, -0.0, 0.0, -0.0, -0.0, 0.104189, -0.994556, 0.300002, 0.0, 0.99456, 0.104189, 0.0, 0.0, 0.0, 0.0, 1.0]
            ]
        },
        {
            "name": "Tool_L",
            "time": [0.0, 0.6667],
            "transform": [
                [1.0, -0.0, 0.0, -0.0, 0.0, -0.973887, -0.227034, 0.271711, 0.0, 0.227034, -0.973887, -0.028915, 0.0, 0.0, 0.0, 1.0],
                [1.0, -0.0, 0.0, -0.0, 0.0, -0.973887, -0.227034, 0.271711, 0.0, 0.227034, -0.973887, -0.028915, 0.0, 0.0, 0.0, 1.0]
            ]
        },
        {
            "name": "Elbow_L",
            "time": [0.0, 0.6667],
            "transform": [
                [-1.0, 0.0, -0.0, -0.0, 0.0, 0.003946, -0.999992, 0.436616, -0.0, -0.999992, -0.003946, -0.000713, 0.0, 0.0, 0.0, 1.0],
                [-1.0, 0.0, -0.0, -0.0, 0.0, 0.003946, -0.999992, 0.436616, -0.0, -0.999992, -0.003946, -0.000713, 0.0, 0.0, 0.0, 1.0]
            ]
        }
    ]
}