{
    "animation": [
        {
            "name": "Root",
            "time": [0.0, 1.3333, 2.6667],
            "transform": [
                [1.0, 0.0, 0.0, -5e-06, 0.0, 0.0, -1.0, 0.000946, 0.0, 1.0, 0.0, 0.763972, 0.0, 0.0, 0.0, 1.0],
                [1.0, 0.0, 0.0, -5e-06, 0.0, 0.0, -1.0, 0.000946, 0.0, 1.0, 0.0, 0.763972, 0.0, 0.0, 0.0, 1.0],
                [1.0, 0.0, 0.0, -5e-06, 0.0, 0.0, -1.0, 0.000946, 0.0, 1.0, 0.0, 0.763972, 0.0, 0.0, 0.0, 1.0]
            ]
        },
        {
            "name": "Thigh_R",
            "time": [0.0, 1.3333, 2.6667],
            "transform": [
                [1.0, -0.0, 0.0, 0.124994, -0.0, -0.99997, 0.00769, -0.002831, 0.0, -0.00769, -0.999972, -1.2e-05, 0.0, 0.0, 0.0, 1.0],
                [1.0, -0.0, 0.0, 0.124994, -0.0, -0.99997, 0.00769, -0.002831, 0.0, -0.00769, -0.999972, -1.2e-05, 0.0, 0.0, 0.0, 1.0],
                [1.0, -0.0, 0.0, 0.124994, -0.0, -0.99997, 0.00769, -0.002831, 0.0, -0.00769, -0.999972, -1.2e-05, 0.0, 0.0, 0.0, 1.0]
            ]
        },
        {
            "name": "Leg_R",
            "time": [0.0, 1.3333, 2.6667],
            "transform": [
                [1.0, -0.0, 1e-06, -0.0, -0.0, 0.999909, 0.015373, 0.374726, -1e-06, -0.015374, 0.999852, -0.0, 0.0, 0.0, 0.0, 1.0],
                [1.0, -0.0, 1e-06, -0.0, -0.0, 0.999909, 0.015373, 0.374726, -1e-06, -0.015374, 0.999852, -0.0, 0.0, 0.0, 0.0, 1.0],
                [1.0, -0.0, 1e-06, -0.0, -0.0, 0.999909, 0.015373, 0.374726, -1e-06, -0.015374, 0.999852, -0.0, 0.0, 0.0, 0.0, 1.0]
            ]
        },
        {
            "name": "Knee_R",
            "time": [0.0, 2.6667],
            "transform": [
                [1.0, 0.0, -0.0, -0.0, -0.0, 0.00567, -0.999984, 0.374726, -0.0, 0.999984, 0.00567, 0.0, 0.0, 0.0, 0.0, 1.0],
                [1.0, 0.0, -0.0, -0.0, -0.0, 0.00567, -0.999984, 0.374726, -0.0, 0.999984, 0.00567, 0.0, 0.0, 0.0, 0.0, 1.0]
            ]
        },
        {
            "name": "Thigh_L",
            "time": [0.0, 1.3333, 2.6667],
            "transform": [
                [1.0, -0.0, 0.0, -0.125006, -0.0, -0.99998, 0.006374, -0.002831, 0.0, -0.006375, -0.99998, -1.2e-05, 0.0, 0.0, 0.0, 1.0],
                [1.0, -0.0, 0.0, -0.125006, -0.0, -0.99998, 0.006374, -0.002831, 0.0, -0.006375, -0.99998, -1.2e-05, 0.0, 0.0, 0.0, 1.0],
                [1.0, -0.0, 0.0, -0.125006, -0.0, -0.99998, 0.006374, -0.002831, 0.0, -0.006375, -0.99998, -1.2e-05, 0.0, 0.0, 0.0, 1.0]
            ]
        },
        {
            "name": "Leg_L",
            "time": [0.0, 1.3333, 2.6667],
            "transform": [
                [1.0, -0.0, 1e-06, -0.0, -0.0, 0.999923, 0.012744, 0.374726, -1e-06, -0.012744, 0.999914, 0.0, 0.0, 0.0, 0.0, 1.0],
                [1.0, -0.0, 1e-06, -0.0, -0.0, 0.999923, 0.012744, 0.374726, -1e-06, -0.012744, 0.999914, 0.0, 0.0, 0.0, 0.0, 1.0],
                [1.0, -0.0, 1e-06, -0.0, -0.0, 0.999923, 0.012744, 0.374726, -1e-06, -0.012744, 0.999914, 0.0, 0.0, 0.0, 0.0, 1.0]
            ]
        },
        {
            "name": "Knee_L",
            "time": [0.0, 2.6667],
            "transform": [
                [1.0, 0.0, -0.0, -0.0, -0.0, 0.00567, -0.999984, 0.374726, -0.0, 0.999984, 0.00567, -0.0, 0.0, 0.0, 0.0, 1.0],
                [1.0, 0.0, -0.0, -0.0, -0.0, 0.00567, -0.999984, 0.374726, -0.0, 0.999984, 0.00567, -0.0, 0.0, 0.0, 0.0, 1.0]
            ]
        },
        {
            "name": "Torso",
            "time": [0.0, 1.3333, 2.6667],
            "transform": [
                [0.997151, 0.0, -0.075417, 0.0, 0.019519, 0.965926, 0.258082, 0.05, 0.072847, -0.258819, 0.963175, 0.0, 0.0, 0.0, 0.0, 1.0],
                [0.997151, 0.0, -0.075417, 0.0, 0.019519, 0.965926, 0.258082, 0.05, 0.072847, -0.258819, 0.963175, 0.0, 0.0, 0.0, 0.0, 1.0],
                [0.997151, 0.0, -0.075417, 0.0, 0.019519, 0.965926, 0.258082, 0.05, 0.072847, -0.258819, 0.963175, 0.0, 0.0, 0.0, 0.0, 1.0]
            ]
        },
        {
            "name": "Chest",
            "time": [0.0, 1.3333, 2.6667],
            "transform": [
                [0.69503, 0.353312, -0.626182, -0.0, 0.217645, 0.726678, 0.651591, 0.3, 0.685248, -0.58916, 0.428166, 0.0, 0.0, 0.0, 0.0, 1.0],
                [0.693389, 0.348697, -0.630574, -0.0, 0.280939, 0.675033, 0.682206, 0.3, 0.663541, -0.650186, 0.370097, 0.0, 0.0, 0.0, 0.0, 1.0],
                [0.69503, 0.353312, -0.626182, -0.0, 0.217645, 0.726678, 0.651591, 0.3, 0.685248, -0.58916, 0.428166, 0.0, 0.0, 0.0, 0.0, 1.0]
            ]
        },
        {
            "name": "Head",
            "time": [0.0, 1.3333, 2.6667],
            "transform": [
                [0.640798, 0.398173, 0.656381, -0.0, 0.396613, 0.560354, -0.727119, 0.4, -0.657325, 0.726266, 0.201153, 0.0, 0.0, 0.0, 0.0, 1.0],
                [0.640771, 0.453844, 0.619224, -0.0, 0.396682, 0.494836, -0.773163, 0.4, -0.65731, 0.741055, 0.137045, -0.0, 0.0, 0.0, 0.0, 1.0],
                [0.640798, 0.398173, 0.656381, -0.0, 0.396613, 0.560354, -0.727119, 0.4, -0.657325, 0.726266, 0.201153, 0.0, 0.0, 0.0, 0.0, 1.0]
            ]
        },
        {
            "name": "Shoulder_R",
            "time": [0.0, 1.3333, 2.6667],
            "transform": [
                [0.0, 0.952114, 0.305743, -0.0, -0.0, -0.305743, 0.952114, 0.4, 1.0, 0.0, 0.0, 0.0, 0.0, 0.0, 0.0, 1.0],
                [0.0, 0.952114, 0.305743, -0.0, -0.0, -0.305743, 0.952114, 0.4, 1.0, -0.0, 0.0, -0.0, 0.0, 0.0, 0.0, 1.0],
                [0.0, 0.952114, 0.305743, -0.0, -0.0, -0.305743, 0.952114, 0.4, 1.0, 0.0, 0.0, 0.0, 0.0, 0.0, 0.0, 1.0]
            ]
        },
        {
            "name": "Arm_R",
            "time": [0.0, 1.3333, 2.6667],
            "transform": [
                [-0.681382, -0.693666, -0.233562, -0.0, 0.499342, -0.207239, -0.841259, 0.393861, 0.535149, -0.689841, 0.487585, 0.0, 0.0, 0.0, 0.0, 1.0],
                [-0.682506, -0.698, -0.216763, 0.0, 0.495595, -0.223985, -0.83918, 0.39386, 0.537195, -0.680166, 0.498797, -0.0, 0.0, 0.0, 0.0, 1.0],
                [-0.681382, -0.693666, -0.233562, -0.0, 0.499342, -0.207239, -0.841259, 0.393861, 0.535149, -0.689841, 0.487585, 0.0, 0.0, 0.0, 0.0, 1.0]
            ]
        },
        {
            "name": "Hand_R",
            "time": [0.0, 1.3333, 2.6667],
            "transform": [
                [0.999999, -2e-06, 1e-06, -0.0, 2e-06, 0.85279, -0.522252, 0.300003, 0.0, 0.522249, 0.85279, -0.0, 0.0, 0.0, 0.0, 1.0],
                [0.999999, -2e-06, 1e-06, -0.0, 2e-06, 0.831601, -0.555373, 0.300002, 1e-06, 0.555368, 0.831602, 0.0, 0.0, 0.0, 0.0, 1.0],
                [0.999999, -2e-06, 1e-06, -0.0, 2e-06, 0.85279, -0.522252, 0.300003, 0.0, 0.522249, 0.85279, -0.0, 0.0, 0.0, 0.0, 1.0]
            ]
        },
        {
            "name": "Tool_R",
            "time": [0.0, 1.3333, 2.6667],
            "transform": [
                [0.999623, -0.027429, 0.000939, -0.005324, -0.019759, -0.743029, -0.668967, 0.159401, 0.019047, 0.668696, -0.743292, 0.03539, 0.0, 0.0, 0.0, 1.0],
                [0.999623, -0.027429, 0.000939, -0.005324, -0.019759, -0.743029, -0.668967, 0.159401, 0.019047, 0.668696, -0.743292, 0.03539, 0.0, 0.0, 0.0, 1.0],
                [0.999623, -0.027429, 0.000939, -0.005324, -0.019759, -0.743029, -0.668967, 0.159401, 0.019047, 0.668696, -0.743292, 0.03539, 0.0, 0.0, 0.0, 1.0]
            ]
        },
        {
            "name": "Elbow_R",
            "time": [0.0, 2.6667],
            "transform": [
                [-1.0, 0.0, -0.0, 0.0, 0.0, 0.003946, -0.999992, 0.350691, -0.0, -0.999992, -0.003946, -0.001052, 0.0, 0.0, 0.0, 1.0],
                [-1.0, 0.0, -0.0, 0.0, 0.0, 0.003946, -0.999992, 0.350691, -0.0, -0.999992, -0.003946, -0.001052, 0.0, 0.0, 0.0, 1.0]
            ]
        },
        {
            "name": "Shoulder_L",
            "time": [0.0, 1.3333, 2.6667],
            "transform": [
                [-0.0, -0.952114, -0.305743, -0.0, 0.0, -0.305744, 0.952114, 0.4, -1.0, -0.0, 0.0, 0.0, 0.0, 0.0, 0.0, 1.0],
                [-0.0, -0.952114, -0.305743, -0.0, 0.0, -0.305743, 0.952114, 0.4, -1.0, 0.0, 0.0, -0.0, 0.0, 0.0, 0.0, 1.0],
                [-0.0, -0.952114, -0.305743, -0.0, 0.0, -0.305744, 0.952114, 0.4, -1.0, -0.0, 0.0, 0.0, 0.0, 0.0, 0.0, 1.0]
            ]
        },
        {
            "name": "Arm_L",
            "time": [0.0, 1.3333, 2.6667],
            "transform": [
                [-0.751472, 0.651492, 0.104139, -0.0, -0.045594, 0.106183, -0.993301, 0.39386, -0.65819, -0.751178, -0.050089, -0.0, 0.0, 0.0, 0.0, 1.0],
                [-0.730935, 0.669503, 0.132272, 0.0, -0.039325, 0.152177, -0.987571, 0.39386, -0.681316, -0.727044, -0.084903, 0.0, 0.0, 0.0, 0.0, 1.0],
                [-0.751472, 0.651492, 0.104139, -0.0, -0.045594, 0.106183, -0.993301, 0.39386, -0.65819, -0.751178, -0.050089, -0.0, 0.0, 0.0, 0.0, 1.0]
            ]
        },
        {
            "name": "Hand_L",
            "time": [0.0, 1.3333, 2.6667],
            "transform": [
                [1.000001, 0.0, 0.0, -0.0, 0.0, 0.483106, -0.875585, 0.300003, 0.0, 0.875534, 0.483126, 0.0, 0.0, 0.0, 0.0, 1.0],
                [1.000001, 1e-05, -7e-06, -0.0, -1e-05, 0.365378, -0.930887, 0.300003, -7e-06, 0.930833, 0.365393, -0.0, 0.0, 0.0, 0.0, 1.0],
                [1.000001, 0.0, 0.0, -0.0, 0.0, 0.483106, -0.875585, 0.300003, 0.0, 0.875534, 0.483126, 0.0, 0.0, 0.0, 0.0, 1.0]
            ]
        },
        {
            "name": "Tool_L",
            "time": [0.0, 2.6667],
            "transform": [
                [1.0, -0.0, 0.0, -0.0, -0.0, -0.973887, -0.227034, 0.271711, 0.0, 0.227034, -0.973887, -0.028915, 0.0, 0.0, 0.0, 1.0],
                [1.0, -0.0, 0.0, -0.0, -0.0, -0.973887, -0.227034, 0.271711, 0.0, 0.227034, -0.973887, -0.028915, 0.0, 0.0, 0.0, 1.0]
            ]
        },
        {
            "name": "Elbow_L",
            "time": [0.0, 2.6667],
            "transform": [
                [-1.0, 0.0, -0.0, -0.0, 0.0, 0.003946, -0.999992, 0.399148, -0.0, -0.999993, -0.003946, -0.000861, 0.0, 0.0, 0.0, 1.0],
                [-1.0, 0.0, -0.0, -0.0, 0.0, 0.003946, -0.999992, 0.399148, -0.0, -0.999993, -0.003946, -0.000861, 0.0, 0.0, 0.0, 1.0]
            ]
        }
    ]
}