{
    "animation": [
        {
            "name": "Root",
            "time": [0.0, 0.1667, 0.3333, 0.5],
            "transform": [
                [1.0, 0.0, 0.0, -5e-06, 0.0, 0.0, -1.0, 0.000946, 0.0, 1.0, 0.0, 0.763972, 0.0, 0.0, 0.0, 1.0],
                [1.0, 0.0, 0.0, -5e-06, 0.0, 0.0, -1.0, 0.000946, 0.0, 1.0, 0.0, 0.763972, 0.0, 0.0, 0.0, 1.0],
                [1.0, 0.0, 0.0, -5e-06, 0.0, 0.0, -1.0, 0.000946, 0.0, 1.0, 0.0, 0.763972, 0.0, 0.0, 0.0, 1.0],
                [1.0, 0.0, 0.0, -5e-06, 0.0, 0.0, -1.0, 0.000946, 0.0, 1.0, 0.0, 0.763972, 0.0, 0.0, 0.0, 1.0]
            ]
        },
        {
            "name": "Thigh_R",
            "time": [0.0, 0.1667, 0.3333, 0.5],
            "transform": [
                [1.0, -0.0, 0.0, 0.124994, -0.0, -0.999969, 0.007865, -0.002831, 0.0, -0.007865, -0.999971, -1.2e-05, 0.0, 0.0, 0.0, 1.0],
                [1.0, -0.0, 0.0, 0.124994, -0.0, -0.999969, 0.00774, -0.002831, 0.0, -0.00774, -0.999972, -1.2e-05, 0.0, 0.0, 0.0, 1.0],
                [1.0, -0.0, 0.0, 0.124994, -0.0, -0.999967, 0.008115, -0.002831, 0.0, -0.008115, -0.999969, -1.2e-05, 0.0, 0.0, 0.0, 1.0],
                [1.0, -0.0, 0.0, 0.124994, -0.0, -0.999969, 0.007865, -0.002831, 0.0, -0.007865, -0.999971, -1.2e-05, 0.0, 0.0, 0.0, 1.0]
            ]
        },
        {
            "name": "Leg_R",
            "time": [0.0, 0.1667, 0.3333, 0.5],
            "transform": [
                [1.0, -0.0, 1e-06, -0.0, -0.0, 0.999906, 0.015722, 0.374726, -1e-06, -0.015723, 0.999844, 0.0, 0.0, 0.0, 0.0, 1.0],
                [1.0, -0.0, 1e-06, -0.0, -0.0, 0.999908, 0.015473, 0.374726, -1e-06, -0.015474, 0.999851, -0.0, 0.0, 0.0, 0.0, 1.0],
                [1.0, -0.0, 1e-06, -0.0, -0.0, 0.999902, 0.016222, 0.374726, -1e-06, -0.016223, 0.999831, -0.0, 0.0, 0.0, 0.0, 1.0],
                [1.0, -0.0, 1e-06, -0.0, -0.0, 0.999906, 0.015722, 0.374726, -1e-06, -0.015723, 0.999844, 0.0, 0.0, 0.0, 0.0, 1.0]
            ]
        },
        {
            "name": "Knee_R",
            "time": [0.0, 0.5],
            "transform": [
                [1.0, 0.0, -0.0, -0.0, -0.0, 0.00567, -0.999984, 0.374726, -0.0, 0.999984, 0.00567, -0.0, 0.0, 0.0, 0.0, 1.0],
                [1.0, 0.0, -0.0, -0.0, -0.0, 0.00567, -0.999984, 0.374726, -0.0, 0.999984, 0.00567, -0.0, 0.0, 0.0, 0.0, 1.0]
            ]
        },
        {
            "name": "Thigh_L",
            "time": [0.0, 0.1667, 0.3333, 0.5],
            "transform": [
                [1.0, -0.0, 0.0, -0.125006, -0.0, -0.99998, 0.006458, -0.002831, 0.0, -0.006458, -0.99998, -1.2e-05, 0.0, 0.0, 0.0, 1.0],
                [1.0, -0.0, 0.0, -0.125006, -0.0, -0.99998, 0.006441, -0.002831, 0.0, -0.006441, -0.99998, -1.2e-05, 0.0, 0.0, 0.0, 1.0],
                [1.0, -0.0, 0.0, -0.125006, -0.0, -0.999979, 0.00649, -0.002832, 0.0, -0.00649, -0.99998, -1.2e-05, 0.0, 0.0, 0.0, 1.0],
                [1.0, -0.0, 0.0, -0.125006, -0.0, -0.99998, 0.006458, -0.002831, 0.0, -0.006458, -0.99998, -1.2e-05, 0.0, 0.0, 0.0, 1.0]
            ]
        },
        {
            "name": "Leg_L",
            "time": [0.0, 0.1667, 0.3333, 0.5],
            "transform": [
                [1.0, -0.0, 1e-06, -0.0, -0.0, 0.999922, 0.012912, 0.374726, -1e-06, -0.012912, 0.999912, -0.0, 0.0, 0.0, 0.0, 1.0],
                [1.0, -0.0, 1e-06, -0.0, -0.0, 0.999922, 0.012877, 0.374726, -1e-06, -0.012877, 0.999912, 0.0, 0.0, 0.0, 0.0, 1.0],
                [1.0, -0.0, 1e-06, -0.0, -0.0, 0.999922, 0.012975, 0.374726, -1e-06, -0.012975, 0.99991, -0.0, 0.0, 0.0, 0.0, 1.0],
                [1.0, -0.0, 1e-06, -0.0, -0.0, 0.999922, 0.012912, 0.374726, -1e-06, -0.012912, 0.999912, -0.0, 0.0, 0.0, 0.0, 1.0]
            ]
        },
        {
            "name": "Knee_L",
            "time": [0.0, 0.5],
            "transform": [
                [1.0, 0.0, -0.0, -0.0, -0.0, 0.00567, -0.999984, 0.374726, -0.0, 0.999984, 0.00567, 0.0, 0.0, 0.0, 0.0, 1.0],
                [1.0, 0.0, -0.0, -0.0, -0.0, 0.00567, -0.999984, 0.374726, -0.0, 0.999984, 0.00567, 0.0, 0.0, 0.0, 0.0, 1.0]
            ]
        },
        {
            "name": "Torso",
            "time": [0.0, 0.1667, 0.3333, 0.5],
            "transform": [
                [1.0, 0.0, 0.0, 0.0, 0.0, 1.0, 0.0, 0.05, 0.0, 0.0, 1.0, 0.0, 0.0, 0.0, 0.0, 1.0],
                [1.0, 0.0, 0.0, 0.0, 0.0, 1.0, 0.0, 0.05, 0.0, 0.0, 1.0, 0.0, 0.0, 0.0, 0.0, 1.0],
                [1.0, 0.0, 0.0, 0.0, 0.0, 1.0, 0.0, 0.05, 0.0, 0.0, 1.0, 0.0, 0.0, 0.0, 0.0, 1.0],
                [1.0, 0.0, 0.0, 0.0, 0.0, 1.0, 0.0, 0.05, 0.0, 0.0, 1.0, 0.0, 0.0, 0.0, 0.0, 1.0]
            ]
        },
        {
            "name": "Chest",
            "time": [0.0, 0.1667, 0.3333, 0.5],
            "transform": [
                [1.0, 0.0, 0.0, 0.0, 0.0, 1.0, 0.0, 0.3, 0.0, 0.0, 1.0, 0.0, 0.0, 0.0, 0.0, 1.0],
                [1.0, 0.0, 0.0, 0.0, 0.0, 1.0, 0.0, 0.3, 0.0, 0.0, 1.0, 0.0, 0.0, 0.0, 0.0, 1.0],
                [1.0, 0.0, 0.0, 0.0, 0.0, 1.0, 0.0, 0.3, 0.0, 0.0, 1.0, 0.0, 0.0, 0.0, 0.0, 1.0],
                [1.0, 0.0, 0.0, 0.0, 0.0, 1.0, 0.0, 0.3, 0.0, 0.0, 1.0, 0.0, 0.0, 0.0, 0.0, 1.0]
            ]
        },
        {
            "name": "Head",
            "time": [0.0, 0.1667, 0.3333, 0.5],
            "transform": [
                [1.0, 0.0, 0.0, 0.0, 0.0, 0.965926, 0.258819, 0.4, 0.0, -0.258819, 0.965926, 0.0, 0.0, 0.0, 0.0, 1.0],
                [1.0, 0.0, 0.0, 0.0, 0.0, 0.965926, 0.258819, 0.4, 0.0, -0.258819, 0.965926, 0.0, 0.0, 0.0, 0.0, 1.0],
                [1.0, 0.0, 0.0, 0.0, 0.0, 0.965926, 0.258819, 0.4, 0.0, -0.258819, 0.965926, 0.0, 0.0, 0.0, 0.0, 1.0],
                [1.0, 0.0, 0.0, 0.0, 0.0, 0.965926, 0.258819, 0.4, 0.0, -0.258819, 0.965926, 0.0, 0.0, 0.0, 0.0, 1.0]
            ]
        },
        {
            "name": "Shoulder_R",
            "time": [0.0, 0.1667, 0.3333, 0.5],
            "transform": [
                [0.0, 0.952114, 0.305743, 0.0, 0.0, -0.305743, 0.952114, 0.4, 1.0, -0.0, -0.0, 0.0, 0.0, 0.0, 0.0, 1.0],
                [0.0, 0.952114, 0.305743, 0.0, 0.0, -0.305743, 0.952114, 0.4, 1.0, -0.0, -0.0, 0.0, 0.0, 0.0, 0.0, 1.0],
                [0.0, 0.952114, 0.305743, 0.0, 0.0, -0.305743, 0.952114, 0.4, 1.0, -0.0, -0.0, 0.0, 0.0, 0.0, 0.0, 1.0],
                [0.0, 0.952114, 0.305743, 0.0, 0.0, -0.305743, 0.952114, 0.4, 1.0, -0.0, -0.0, 0.0, 0.0, 0.0, 0.0, 1.0]
            ]
        },
        {
            "name": "Arm_R",
            "time": [0.0, 0.1667, 0.3333, 0.5],
            "transform": [
                [-0.326876, -0.944219, -0.040173, -0.0, 0.572194, -0.163898, -0.803578, 0.39386, 0.752165, -0.285657, 0.593848, 0.0, 0.0, 0.0, 0.0, 1.0],
                [-0.315361, -0.948715, -0.022331, -0.0, 0.56595, -0.169134, -0.806908, 0.39386, 0.761744, -0.267106, 0.590261, 0.0, 0.0, 0.0, 0.0, 1.0],
                [-0.322009, -0.945503, -0.048444, -0.0, 0.56957, -0.152598, -0.807658, 0.39386, 0.756245, -0.287666, 0.587666, 0.0, 0.0, 0.0, 0.0, 1.0],
                [-0.326876, -0.944219, -0.040173, -0.0, 0.572194, -0.163898, -0.803578, 0.39386, 0.752165, -0.285657, 0.593848, 0.0, 0.0, 0.0, 0.0, 1.0]
            ]
        },
        {
            "name": "Hand_R",
            "time": [0.0, 0.1667, 0.3333, 0.5],
            "transform": [
                [1.0, -6e-06, 2e-06, 0.0, 6e-06, 0.730769, -0.682625, 0.300003, 2e-06, 0.682637, 0.730759, 0.0, 0.0, 0.0, 0.0, 1.0],
                [1.0, 2e-06, -1e-06, -0.0, -2e-06, 0.734995, -0.678073, 0.300003, -1e-06, 0.678083, 0.734986, 0.0, 0.0, 0.0, 0.0, 1.0],
                [1.0, -8e-06, 4e-06, 0.0, 8e-06, 0.690237, -0.72358, 0.300002, 3e-06, 0.723597, 0.690224, 0.0, 0.0, 0.0, 0.0, 1.0],
                [1.0, -6e-06, 2e-06, 0.0, 6e-06, 0.730769, -0.682625, 0.300003, 2e-06, 0.682637, 0.730759, 0.0, 0.0, 0.0, 0.0, 1.0]
            ]
        },
        {
            "name": "Tool_R",
            "time": [0.0, 0.1667, 0.3333, 0.5],
            "transform": [
                [0.999825, 0.015576, -0.010312, -0.012825, 0.012211, -0.962719, -0.270229, 0.231748, -0.014136, 0.270056, -0.962741, 0.002322, 0.0, 0.0, 0.0, 1.0],
                [0.999825, 0.015576, -0.010312, -0.012825, 0.012211, -0.962719, -0.270229, 0.231748, -0.014136, 0.270056, -0.962741, 0.002323, 0.0, 0.0, 0.0, 1.0],
                [0.999825, 0.015576, -0.010312, -0.012825, 0.012211, -0.962718, -0.270229, 0.231748, -0.014136, 0.270056, -0.962741, 0.002323, 0.0, 0.0, 0.0, 1.0],
                [0.999825, 0.015576, -0.010312, -0.012825, 0.012211, -0.962719, -0.270229, 0.231748, -0.014136, 0.270056, -0.962741, 0.002322, 0.0, 0.0, 0.0, 1.0]
            ]
        },
        {
            "name": "Elbow_R",
            "time": [0.0, 0.5],
            "transform": [
                [-1.0, 0.0, -0.0, 0.0, -0.0, 0.003946, -0.999992, 0.369608, -0.0, -0.999993, -0.003946, -0.000978, 0.0, 0.0, 0.0, 1.0],
                [-1.0, 0.0, -0.0, 0.0, -0.0, 0.003946, -0.999992, 0.369608, -0.0, -0.999993, -0.003946, -0.000978, 0.0, 0.0, 0.0, 1.0]
            ]
        },
        {
            "name": "Shoulder_L",
            "time": [0.0, 0.1667, 0.3333, 0.5],
            "transform": [
                [-0.0, -0.952114, -0.305743, 0.0, 0.0, -0.305743, 0.952114, 0.4, -0.999999, -0.0, 0.0, 0.0, 0.0, 0.0, 0.0, 1.0],
                [-0.0, -0.952114, -0.305743, 0.0, 0.0, -0.305743, 0.952114, 0.4, -0.999999, -0.0, 0.0, 0.0, 0.0, 0.0, 0.0, 1.0],
                [-0.0, -0.952114, -0.305743, 0.0, 0.0, -0.305743, 0.952114, 0.4, -0.999999, -0.0, 0.0, 0.0, 0.0, 0.0, 0.0, 1.0],
                [-0.0, -0.952114, -0.305743, 0.0, 0.0, -0.305743, 0.952114, 0.4, -0.999999, -0.0, 0.0, 0.0, 0.0, 0.0, 0.0, 1.0]
            ]
        },
        {
            "name": "Arm_L",
            "time": [0.0, 0.1667, 0.3333, 0.5],
            "transform": [
                [-0.441213, 0.891615, -0.101736, -0.0, -0.24944, -0.230748, -0.940497, 0.39386, -0.862038, -0.389581, 0.324214, -0.0, 0.0, 0.0, 0.0, 1.0],
                [-0.489241, 0.845464, -0.214078, -0.0, -0.269683, -0.380084, -0.884764, 0.39386, -0.829406, -0.375129, 0.41396, 0.0, 0.0, 0.0, 0.0, 1.0],
                [-0.323099, 0.879388, -0.349686, -0.0, -0.198724, -0.424311, -0.883441, 0.39386, -0.925264, -0.215948, 0.311851, 0.0, 0.0, 0.0, 0.0, 1.0],
                [-0.441213, 0.891615, -0.101736, -0.0, -0.24944, -0.230748, -0.940497, 0.39386, -0.862038, -0.389581, 0.324214, -0.0, 0.0, 0.0, 0.0, 1.0]
            ]
        },
        {
            "name": "Hand_L",
            "time": [0.0, 0.1667, 0.3333, 0.5],
            "transform": [
                [1.000001, 3e-06, -1e-06, -0.0, -2e-06, 0.69584, -0.718199, 0.300003, -1e-06, 0.71819, 0.695844, -0.0, 0.0, 0.0, 0.0, 1.0],
                [1.000001, -0.0, -0.0, 0.0, 0.0, 0.843721, -0.536782, 0.300003, -0.0, 0.536778, 0.843723, 0.0, 0.0, 0.0, 0.0, 1.0],
                [1.000001, 0.0, -0.0, -0.0, -0.0, 0.848343, -0.529444, 0.300003, -0.0, 0.529437, 0.848351, 0.0, 0.0, 0.0, 0.0, 1.0],
                [1.000001, 3e-06, -1e-06, -0.0, -2e-06, 0.69584, -0.718199, 0.300003, -1e-06, 0.71819, 0.695844, -0.0, 0.0, 0.0, 0.0, 1.0]
            ]
        },
        {
            "name": "Tool_L",
            "time": [0.0, 0.5],
            "transform": [
                [1.0, -0.0, 0.0, -0.0, 0.0, -0.973887, -0.227034, 0.271711, 0.0, 0.227034, -0.973887, -0.028915, 0.0, 0.0, 0.0, 1.0],
                [1.0, -0.0, 0.0, -0.0, 0.0, -0.973887, -0.227034, 0.271711, 0.0, 0.227034, -0.973887, -0.028915, 0.0, 0.0, 0.0, 1.0]
            ]
        },
        {
            "name": "Elbow_L",
            "time": [0.0, 0.5],
            "transform": [
                [-1.0, 0.0, -0.0, 0.0, 0.0, 0.003946, -0.999992, 0.374279, -0.0, -0.999993, -0.003946, -0.000959, 0.0, 0.0, 0.0, 1.0],
                [-1.0, 0.0, -0.0, 0.0, 0.0, 0.003946, -0.999992, 0.374279, -0.0, -0.999993, -0.003946, -0.000959, 0.0, 0.0, 0.0, 1.0]
            ]
        }
    ]
}