{
    "animation": [
        {
            "name": "Root",
            "time": [0.0, 1.3333, 2.6667],
            "transform": [
                [1.0, 0.0, 0.0, -5e-06, 0.0, 0.0, -1.0, 0.000946, 0.0, 1.0, 0.0, 0.763972, 0.0, 0.0, 0.0, 1.0],
                [1.0, 0.0, 0.0, -5e-06, 0.0, 0.0, -1.0, 0.000946, 0.0, 1.0, 0.0, 0.763972, 0.0, 0.0, 0.0, 1.0],
                [1.0, 0.0, 0.0, -5e-06, 0.0, 0.0, -1.0, 0.000946, 0.0, 1.0, 0.0, 0.763972, 0.0, 0.0, 0.0, 1.0]
            ]
        },
        {
            "name": "Thigh_R",
            "time": [0.0, 1.3333, 2.6667],
            "transform": [
                [1.0, -0.0, 0.0, 0.124994, -0.0, -0.99996, 0.008914, -0.002831, 0.0, -0.008914, -0.999962, -1.2e-05, 0.0, 0.0, 0.0, 1.0],
                [1.0, -0.0, 0.0, 0.124994, -0.0, -0.999958, 0.00918, -0.002831, 0.0, -0.00918, -0.99996, -1.2e-05, 0.0, 0.0, 0.0, 1.0],
                [1.0, -0.0, 0.0, 0.124994, -0.0, -0.99996, 0.008914, -0.002831, 0.0, -0.008914, -0.999962, -1.2e-05, 0.0, 0.0, 0.0, 1.0]
            ]
        },
        {
            "name": "Leg_R",
            "time": [0.0, 1.3333, 2.6667],
            "transform": [
                [1.0, -0.0, 1e-06, -0.0, -0.0, 0.999886, 0.017818, 0.374726, -1e-06, -0.01782, 0.999789, 0.0, 0.0, 0.0, 0.0, 1.0],
                [1.0, -0.0, 1e-06, -0.0, -0.0, 0.999881, 0.018351, 0.374726, -1e-06, -0.018353, 0.999774, 0.0, 0.0, 0.0, 0.0, 1.0],
                [1.0, -0.0, 1e-06, -0.0, -0.0, 0.999886, 0.017818, 0.374726, -1e-06, -0.01782, 0.999789, 0.0, 0.0, 0.0, 0.0, 1.0]
            ]
        },
        {
            "name": "Knee_R",
            "time": [0.0, 2.6667],
            "transform": [
                [1.0, 0.0, -0.0, -0.0, -0.0, 0.00567, -0.999984, 0.374726, -0.0, 0.999984, 0.00567, 0.0, 0.0, 0.0, 0.0, 1.0],
                [1.0, 0.0, -0.0, -0.0, -0.0, 0.00567, -0.999984, 0.374726, -0.0, 0.999984, 0.00567, 0.0, 0.0, 0.0, 0.0, 1.0]
            ]
        },
        {
            "name": "Thigh_L",
            "time": [0.0, 1.3333, 2.6667],
            "transform": [
                [1.0, -0.0, 0.0, -0.125006, -0.0, -0.999977, 0.006829, -0.002832, 0.0, -0.006829, -0.999978, -1.2e-05, 0.0, 0.0, 0.0, 1.0],
                [1.0, -0.0, 0.0, -0.125006, -0.0, -0.999976, 0.007013, -0.002832, 0.0, -0.007013, -0.999977, -1.2e-05, 0.0, 0.0, 0.0, 1.0],
                [1.0, -0.0, 0.0, -0.125006, -0.0, -0.999977, 0.006829, -0.002832, 0.0, -0.006829, -0.999978, -1.2e-05, 0.0, 0.0, 0.0, 1.0]
            ]
        },
        {
            "name": "Leg_L",
            "time": [0.0, 1.3333, 2.6667],
            "transform": [
                [1.0, -0.0, 1e-06, -0.0, -0.0, 0.999916, 0.013653, 0.374726, -1e-06, -0.013653, 0.999896, -0.0, 0.0, 0.0, 0.0, 1.0],
                [1.0, -0.0, 1e-06, -0.0, -0.0, 0.999912, 0.01402, 0.374726, -1e-06, -0.014021, 0.999888, -0.0, 0.0, 0.0, 0.0, 1.0],
                [1.0, -0.0, 1e-06, -0.0, -0.0, 0.999916, 0.013653, 0.374726, -1e-06, -0.013653, 0.999896, -0.0, 0.0, 0.0, 0.0, 1.0]
            ]
        },
        {
            "name": "Knee_L",
            "time": [0.0, 2.6667],
            "transform": [
                [1.0, 0.0, -0.0, -0.0, -0.0, 0.00567, -0.999984, 0.374726, -0.0, 0.999984, 0.00567, -0.0, 0.0, 0.0, 0.0, 1.0],
                [1.0, 0.0, -0.0, -0.0, -0.0, 0.00567, -0.999984, 0.374726, -0.0, 0.999984, 0.00567, -0.0, 0.0, 0.0, 0.0, 1.0]
            ]
        },
        {
            "name": "Torso",
            "time": [0.0, 1.3333, 2.6667],
            "transform": [
                [1.0, 0.0, 0.0, 0.0, 0.0, 1.0, 0.0, 0.05, 0.0, 0.0, 1.0, 0.0, 0.0, 0.0, 0.0, 1.0],
                [1.0, 0.0, 0.0, 0.0, 0.0, 1.0, 0.0, 0.05, 0.0, 0.0, 1.0, 0.0, 0.0, 0.0, 0.0, 1.0],
                [1.0, 0.0, 0.0, 0.0, 0.0, 1.0, 0.0, 0.05, 0.0, 0.0, 1.0, 0.0, 0.0, 0.0, 0.0, 1.0]
            ]
        },
        {
            "name": "Chest",
            "time": [0.0, 1.3333, 2.6667],
            "transform": [
                [0.819152, 0.099601, -0.564863, 0.0, -0.286788, 0.92399, -0.25297, 0.3, 0.496732, 0.369217, 0.785453, 0.0, 0.0, 0.0, 0.0, 1.0],
                [0.819152, 0.0996, -0.564863, 0.0, -0.242404, 0.952653, -0.183551, 0.3, 0.519837, 0.287281, 0.804512, 0.0, 0.0, 0.0, 0.0, 1.0],
                [0.819152, 0.099601, -0.564863, 0.0, -0.286788, 0.92399, -0.25297, 0.3, 0.496732, 0.369217, 0.785453, 0.0, 0.0, 0.0, 0.0, 1.0]
            ]
        },
        {
            "name": "Head",
            "time": [0.0, 1.3333, 2.6667],
            "transform": [
                [0.819152, -0.286789, 0.496732, 0.0, 0.0996, 0.923991, 0.369217, 0.4, -0.564863, -0.25297, 0.785453, 0.0, 0.0, 0.0, 0.0, 1.0],
                [0.819151, -0.242404, 0.519838, -0.0, 0.099601, 0.952655, 0.287281, 0.4, -0.564864, -0.18355, 0.804511, 0.0, 0.0, 0.0, 0.0, 1.0],
                [0.819152, -0.286789, 0.496732, 0.0, 0.0996, 0.923991, 0.369217, 0.4, -0.564863, -0.25297, 0.785453, 0.0, 0.0, 0.0, 0.0, 1.0]
            ]
        },
        {
            "name": "Shoulder_R",
            "time": [0.0, 1.3333, 2.6667],
            "transform": [
                [0.0, 0.952114, 0.305743, 0.0, 0.0, -0.305743, 0.952114, 0.4, 1.0, -0.0, -0.0, 0.0, 0.0, 0.0, 0.0, 1.0],
                [0.0, 0.952114, 0.305743, -0.0, 0.0, -0.305743, 0.952114, 0.4, 1.0, -0.0, -0.0, 0.0, 0.0, 0.0, 0.0, 1.0],
                [0.0, 0.952114, 0.305743, 0.0, 0.0, -0.305743, 0.952114, 0.4, 1.0, -0.0, -0.0, 0.0, 0.0, 0.0, 0.0, 1.0]
            ]
        },
        {
            "name": "Arm_R",
            "time": [0.0, 1.3333, 2.6667],
            "transform": [
                [0.001796, -0.972868, 0.231387, -0.0, 0.612846, -0.181772, -0.769018, 0.39386, 0.790203, 0.143185, 0.59589, -0.0, 0.0, 0.0, 0.0, 1.0],
                [-0.007304, -0.984447, 0.175577, -0.0, 0.642072, -0.139222, -0.753903, 0.393861, 0.76661, 0.107227, 0.633102, 0.0, 0.0, 0.0, 0.0, 1.0],
                [0.001796, -0.972868, 0.231387, -0.0, 0.612846, -0.181772, -0.769018, 0.39386, 0.790203, 0.143185, 0.59589, -0.0, 0.0, 0.0, 0.0, 1.0]
            ]
        },
        {
            "name": "Hand_R",
            "time": [0.0, 1.3333, 2.6667],
            "transform": [
                [0.999999, -5e-06, 3e-06, -0.0, 4e-06, 0.459033, -0.888412, 0.300002, 3e-06, 0.888427, 0.459025, -0.0, 0.0, 0.0, 0.0, 1.0],
                [0.999999, -2e-06, 1e-06, -0.0, 2e-06, 0.326298, -0.945255, 0.300003, 1e-06, 0.945279, 0.32629, 0.0, 0.0, 0.0, 0.0, 1.0],
                [0.999999, -5e-06, 3e-06, -0.0, 4e-06, 0.459033, -0.888412, 0.300002, 3e-06, 0.888427, 0.459025, -0.0, 0.0, 0.0, 0.0, 1.0]
            ]
        },
        {
            "name": "Tool_R",
            "time": [0.0, 1.3333, 2.6667],
            "transform": [
                [0.730543, -0.065305, -0.679736, -0.068558, -0.220318, -0.964725, -0.144101, 0.249266, -0.646349, 0.25503, -0.719161, 0.032059, 0.0, 0.0, 0.0, 1.0],
                [0.72755, -0.073351, -0.682122, -0.068558, -0.23037, -0.962657, -0.142195, 0.249266, -0.64622, 0.260595, -0.71728, 0.032059, 0.0, 0.0, 0.0, 1.0],
                [0.730543, -0.065305, -0.679736, -0.068558, -0.220318, -0.964725, -0.144101, 0.249266, -0.646349, 0.25503, -0.719161, 0.032059, 0.0, 0.0, 0.0, 1.0]
            ]
        },
        {
            "name": "Elbow_R",
            "time": [0.0, 2.6667],
            "transform": [
                [-1.0, 0.0, 0.0, -0.0, 0.0, 0.003946, -0.999992, 0.401707, -0.0, -0.999992, -0.003946, -0.000851, 0.0, 0.0, 0.0, 1.0],
                [-1.0, 0.0, 0.0, -0.0, 0.0, 0.003946, -0.999992, 0.401707, -0.0, -0.999992, -0.003946, -0.000851, 0.0, 0.0, 0.0, 1.0]
            ]
        },
        {
            "name": "Shoulder_L",
            "time": [0.0, 1.3333, 2.6667],
            "transform": [
                [0.0, -0.952114, -0.305744, 0.0, 0.0, -0.305744, 0.952114, 0.4, -1.0, -0.0, 0.0, 0.0, 0.0, 0.0, 0.0, 1.0],
                [-0.0, -0.952114, -0.305744, -0.0, 0.0, -0.305743, 0.952114, 0.4, -1.0, -0.0, 0.0, 0.0, 0.0, 0.0, 0.0, 1.0],
                [0.0, -0.952114, -0.305744, 0.0, 0.0, -0.305744, 0.952114, 0.4, -1.0, -0.0, 0.0, 0.0, 0.0, 0.0, 0.0, 1.0]
            ]
        },
        {
            "name": "Arm_L",
            "time": [0.0, 1.3333, 2.6667],
            "transform": [
                [0.221268, 0.626719, -0.747169, -0.0, -0.229433, -0.711198, -0.664497, 0.39386, -0.947839, 0.318456, -0.013576, -0.0, 0.0, 0.0, 0.0, 1.0],
                [0.440069, 0.554614, -0.706214, -0.0, -0.097405, -0.752336, -0.651536, 0.39386, -0.892663, 0.35551, -0.277059, 0.0, 0.0, 0.0, 0.0, 1.0],
                [0.221268, 0.626719, -0.747169, -0.0, -0.229433, -0.711198, -0.664497, 0.39386, -0.947839, 0.318456, -0.013576, -0.0, 0.0, 0.0, 0.0, 1.0]
            ]
        },
        {
            "name": "Hand_L",
            "time": [0.0, 1.3333, 2.6667],
            "transform": [
                [1.000001, 0.0, 0.0, 0.0, -0.0, 0.92167, -0.38796, 0.300003, -0.0, 0.38795, 0.921688, 0.0, 0.0, 0.0, 0.0, 1.0],
                [1.000002, 3e-06, -0.0, 0.0, -2e-06, 0.935157, -0.354215, 0.300003, -0.0, 0.354206, 0.935174, 0.0, 0.0, 0.0, 0.0, 1.0],
                [1.000001, 0.0, 0.0, 0.0, -0.0, 0.92167, -0.38796, 0.300003, -0.0, 0.38795, 0.921688, 0.0, 0.0, 0.0, 0.0, 1.0]
            ]
        },
        {
            "name": "Tool_L",
            "time": [0.0, 2.6667],
            "transform": [
                [1.0, -0.0, 0.0, -0.0, -0.0, -0.973887, -0.227034, 0.271711, 0.0, 0.227034, -0.973887, -0.028915, 0.0, 0.0, 0.0, 1.0],
                [1.0, -0.0, 0.0, -0.0, -0.0, -0.973887, -0.227034, 0.271711, 0.0, 0.227034, -0.973887, -0.028915, 0.0, 0.0, 0.0, 1.0]
            ]
        },
        {
            "name": "Elbow_L",
            "time": [0.0, 2.6667],
            "transform": [
                [-1.0, 0.0, -0.0, 0.0, 0.0, 0.003946, -0.999992, 0.336534, -0.0, -0.999993, -0.003946, -0.001108, 0.0, 0.0, 0.0, 1.0],
                [-1.0, 0.0, -0.0, 0.0, 0.0, 0.003946, -0.999992, 0.336534, -0.0, -0.999993, -0.003946, -0.001108, 0.0, 0.0, 0.0, 1.0]
            ]
        }
    ]
}