{
    "animation": [
        {
            "name": "Root",
            "time": [0.0, 1.3333, 2.6667],
            "transform": [
                [1.0, 0.0, 0.0, -5e-06, 0.0, 0.0, -1.0, 0.000946, 0.0, 1.0, 0.0, 0.763972, 0.0, 0.0, 0.0, 1.0],
                [1.0, 0.0, 0.0, -5e-06, 0.0, 0.0, -1.0, 0.000946, 0.0, 1.0, 0.0, 0.763972, 0.0, 0.0, 0.0, 1.0],
                [1.0, 0.0, 0.0, -5e-06, 0.0, 0.0, -1.0, 0.000946, 0.0, 1.0, 0.0, 0.763972, 0.0, 0.0, 0.0, 1.0]
            ]
        },
        {
            "name": "Thigh_R",
            "time": [0.0, 1.3333, 2.6667],
            "transform": [
                [1.0, -0.0, 0.0, 0.124994, -0.0, -0.999954, 0.0096, -0.002831, 0.0, -0.0096, -0.999956, -1.2e-05, 0.0, 0.0, 0.0, 1.0],
                [1.0, -0.0, 0.0, 0.124994, -0.0, -0.999952, 0.009898, -0.002831, 0.0, -0.009898, -0.999954, -1.2e-05, 0.0, 0.0, 0.0, 1.0],
                [1.0, -0.0, 0.0, 0.124994, -0.0, -0.999954, 0.0096, -0.002831, 0.0, -0.0096, -0.999956, -1.2e-05, 0.0, 0.0, 0.0, 1.0]
            ]
        },
        {
            "name": "Leg_R",
            "time": [0.0, 1.3333, 2.6667],
            "transform": [
                [1.0, -0.0, 1e-06, -0.0, -0.0, 0.999873, 0.019189, 0.374726, -1e-06, -0.019192, 0.999748, 0.0, 0.0, 0.0, 0.0, 1.0],
                [1.0, -0.0, 1e-06, -0.0, -0.0, 0.999868, 0.019786, 0.374726, -1e-06, -0.019789, 0.999729, -0.0, 0.0, 0.0, 0.0, 1.0],
                [1.0, -0.0, 1e-06, -0.0, -0.0, 0.999873, 0.019189, 0.374726, -1e-06, -0.019192, 0.999748, 0.0, 0.0, 0.0, 0.0, 1.0]
            ]
        },
        {
            "name": "Knee_R",
            "time": [0.0, 2.6667],
            "transform": [
                [1.0, 0.0, -0.0, 0.0, -0.0, 0.00567, -0.999984, 0.374726, -0.0, 0.999984, 0.00567, 0.0, 0.0, 0.0, 0.0, 1.0],
                [1.0, 0.0, -0.0, 0.0, -0.0, 0.00567, -0.999984, 0.374726, -0.0, 0.999984, 0.00567, 0.0, 0.0, 0.0, 0.0, 1.0]
            ]
        },
        {
            "name": "Thigh_L",
            "time": [0.0, 1.3333, 2.6667],
            "transform": [
                [1.0, -0.0, 0.0, -0.125006, -0.0, -0.999975, 0.007259, -0.002832, 0.0, -0.007259, -0.999975, -1.2e-05, 0.0, 0.0, 0.0, 1.0],
                [1.0, -0.0, 0.0, -0.125006, -0.0, -0.999975, 0.007294, -0.002833, 0.0, -0.007294, -0.999975, -1.2e-05, 0.0, 0.0, 0.0, 1.0],
                [1.0, -0.0, 0.0, -0.125006, -0.0, -0.999975, 0.007259, -0.002832, 0.0, -0.007259, -0.999975, -1.2e-05, 0.0, 0.0, 0.0, 1.0]
            ]
        },
        {
            "name": "Leg_L",
            "time": [0.0, 1.3333, 2.6667],
            "transform": [
                [1.0, -0.0, 1e-06, -0.0, -0.0, 0.999906, 0.014512, 0.374726, -1e-06, -0.014512, 0.999879, -0.0, 0.0, 0.0, 0.0, 1.0],
                [1.0, -0.0, 1e-06, -0.0, -0.0, 0.999905, 0.014582, 0.374726, -1e-06, -0.014582, 0.999876, -0.0, 0.0, 0.0, 0.0, 1.0],
                [1.0, -0.0, 1e-06, -0.0, -0.0, 0.999906, 0.014512, 0.374726, -1e-06, -0.014512, 0.999879, -0.0, 0.0, 0.0, 0.0, 1.0]
            ]
        },
        {
            "name": "Knee_L",
            "time": [0.0, 2.6667],
            "transform": [
                [1.0, 0.0, -0.0, -0.0, -0.0, 0.00567, -0.999984, 0.374726, -0.0, 0.999984, 0.00567, -0.0, 0.0, 0.0, 0.0, 1.0],
                [1.0, 0.0, -0.0, -0.0, -0.0, 0.00567, -0.999984, 0.374726, -0.0, 0.999984, 0.00567, -0.0, 0.0, 0.0, 0.0, 1.0]
            ]
        },
        {
            "name": "Torso",
            "time": [0.0, 1.3333, 2.6667],
            "transform": [
                [1.0, 0.0, 0.0, 0.0, 0.0, 1.0, 0.0, 0.05, 0.0, 0.0, 1.0, 0.0, 0.0, 0.0, 0.0, 1.0],
                [1.0, 0.0, 0.0, 0.0, 0.0, 1.0, 0.0, 0.05, 0.0, 0.0, 1.0, 0.0, 0.0, 0.0, 0.0, 1.0],
                [1.0, 0.0, 0.0, 0.0, 0.0, 1.0, 0.0, 0.05, 0.0, 0.0, 1.0, 0.0, 0.0, 0.0, 0.0, 1.0]
            ]
        },
        {
            "name": "Chest",
            "time": [0.0, 1.3333, 2.6667],
            "transform": [
                [0.683932, 0.131046, -0.71768, 0.0, 0.163624, 0.93112, 0.325949, 0.3, 0.71096, -0.340356, 0.615381, 0.0, 0.0, 0.0, 0.0, 1.0],
                [0.683932, 0.131046, -0.71768, 0.0, 0.224965, 0.897913, 0.378342, 0.3, 0.693994, -0.420213, 0.58463, 0.0, 0.0, 0.0, 0.0, 1.0],
                [0.683932, 0.131046, -0.71768, 0.0, 0.163624, 0.93112, 0.325949, 0.3, 0.71096, -0.340356, 0.615381, 0.0, 0.0, 0.0, 0.0, 1.0]
            ]
        },
        {
            "name": "Head",
            "time": [0.0, 1.3333, 2.6667],
            "transform": [
                [0.685113, 0.158029, 0.711089, -0.0, 0.139863, 0.929484, -0.341319, 0.4, -0.714884, 0.333297, 0.614699, 0.0, 0.0, 0.0, 0.0, 1.0],
                [0.685692, 0.21935, 0.694055, 0.0, 0.139589, 0.89619, -0.42114, 0.4, -0.714383, 0.385655, 0.583891, 0.0, 0.0, 0.0, 0.0, 1.0],
                [0.685113, 0.158029, 0.711089, -0.0, 0.139863, 0.929484, -0.341319, 0.4, -0.714884, 0.333297, 0.614699, 0.0, 0.0, 0.0, 0.0, 1.0]
            ]
        },
        {
            "name": "Shoulder_R",
            "time": [0.0, 1.3333, 2.6667],
            "transform": [
                [-0.0, 0.952114, 0.305744, -0.0, 0.0, -0.305743, 0.952115, 0.4, 1.000001, 0.0, -0.0, 0.0, 0.0, 0.0, 0.0, 1.0],
                [-0.0, 0.952114, 0.305744, 0.0, 0.0, -0.305743, 0.952115, 0.4, 1.000001, 0.0, -0.0, 0.0, 0.0, 0.0, 0.0, 1.0],
                [-0.0, 0.952114, 0.305744, -0.0, 0.0, -0.305743, 0.952115, 0.4, 1.000001, 0.0, -0.0, 0.0, 0.0, 0.0, 0.0, 1.0]
            ]
        },
        {
            "name": "Arm_R",
            "time": [0.0, 1.3333, 2.6667],
            "transform": [
                [-0.314377, -0.903845, 0.290245, 0.0, 0.169108, -0.354179, -0.919761, 0.393861, 0.934118, -0.24007, 0.264192, 0.0, 0.0, 0.0, 0.0, 1.0],
                [-0.298415, -0.909271, 0.290158, -0.0, 0.231662, -0.363923, -0.902162, 0.393861, 0.9259, -0.202001, 0.319241, -0.0, 0.0, 0.0, 0.0, 1.0],
                [-0.314377, -0.903845, 0.290245, 0.0, 0.169108, -0.354179, -0.919761, 0.393861, 0.934118, -0.24007, 0.264192, 0.0, 0.0, 0.0, 0.0, 1.0]
            ]
        },
        {
            "name": "Hand_R",
            "time": [0.0, 1.3333, 2.6667],
            "transform": [
                [0.999999, -2e-06, 1e-06, 0.0, 2e-06, 0.864136, -0.503282, 0.300003, 0.0, 0.50333, 0.864063, -0.0, 0.0, 0.0, 0.0, 1.0],
                [0.999999, -2e-06, 1e-06, -0.0, 2e-06, 0.83965, -0.543144, 0.300002, 1e-06, 0.543208, 0.839565, 0.0, 0.0, 0.0, 0.0, 1.0],
                [0.999999, -2e-06, 1e-06, 0.0, 2e-06, 0.864136, -0.503282, 0.300003, 0.0, 0.50333, 0.864063, -0.0, 0.0, 0.0, 0.0, 1.0]
            ]
        },
        {
            "name": "Tool_R",
            "time": [0.0, 1.3333, 2.6667],
            "transform": [
                [0.64209, -0.187183, -0.743427, -0.067006, 0.008863, -0.967857, 0.251346, 0.254932, -0.766579, -0.167976, -0.619792, 0.072486, 0.0, 0.0, 0.0, 1.0],
                [0.642078, -0.186895, -0.74351, -0.067006, 0.008756, -0.967978, 0.250881, 0.254932, -0.76659, -0.167596, -0.619881, 0.072486, 0.0, 0.0, 0.0, 1.0],
                [0.64209, -0.187183, -0.743427, -0.067006, 0.008863, -0.967857, 0.251346, 0.254932, -0.766579, -0.167976, -0.619792, 0.072486, 0.0, 0.0, 0.0, 1.0]
            ]
        },
        {
            "name": "Elbow_R",
            "time": [0.0, 2.6667],
            "transform": [
                [-1.0, 0.0, -0.0, 0.0, 0.0, 0.003946, -0.999992, 0.348623, -0.0, -0.999992, -0.003946, -0.001061, 0.0, 0.0, 0.0, 1.0],
                [-1.0, 0.0, -0.0, 0.0, 0.0, 0.003946, -0.999992, 0.348623, -0.0, -0.999992, -0.003946, -0.001061, 0.0, 0.0, 0.0, 1.0]
            ]
        },
        {
            "name": "Shoulder_L",
            "time": [0.0, 1.3333, 2.6667],
            "transform": [
                [0.0, -0.952114, -0.305744, -0.0, 0.0, -0.305744, 0.952114, 0.4, -1.0, -0.0, 0.0, 0.0, 0.0, 0.0, 0.0, 1.0],
                [0.0, -0.952114, -0.305743, 0.0, 0.0, -0.305744, 0.952114, 0.4, -1.0, -0.0, -0.0, 0.0, 0.0, 0.0, 0.0, 1.0],
                [0.0, -0.952114, -0.305744, -0.0, 0.0, -0.305744, 0.952114, 0.4, -1.0, -0.0, 0.0, 0.0, 0.0, 0.0, 0.0, 1.0]
            ]
        },
        {
            "name": "Arm_L",
            "time": [0.0, 1.3333, 2.6667],
            "transform": [
                [0.253285, 0.959487, -0.1234, 0.0, -0.352719, -0.027182, -0.935332, 0.39386, -0.900788, 0.280433, 0.331546, 0.0, 0.0, 0.0, 0.0, 1.0],
                [0.350584, 0.92273, -0.160175, -0.0, -0.258668, -0.068972, -0.963497, 0.39386, -0.900091, 0.379223, 0.2145, 0.0, 0.0, 0.0, 0.0, 1.0],
                [0.253285, 0.959487, -0.1234, 0.0, -0.352719, -0.027182, -0.935332, 0.39386, -0.900788, 0.280433, 0.331546, 0.0, 0.0, 0.0, 0.0, 1.0]
            ]
        },
        {
            "name": "Hand_L",
            "time": [0.0, 1.3333, 2.6667],
            "transform": [
                [1.000003, 1e-06, -0.0, 0.0, -1e-06, 0.978419, -0.206589, 0.300003, -0.0, 0.206585, 0.97844, -0.0, 0.0, 0.0, 0.0, 1.0],
                [1.000003, -0.0, 0.0, 0.0, 0.0, 0.970885, -0.239513, 0.300003, 0.0, 0.239509, 0.970903, 0.0, 0.0, 0.0, 0.0, 1.0],
                [1.000003, 1e-06, -0.0, 0.0, -1e-06, 0.978419, -0.206589, 0.300003, -0.0, 0.206585, 0.97844, -0.0, 0.0, 0.0, 0.0, 1.0]
            ]
        },
        {
            "name": "Tool_L",
            "time": [0.0, 2.6667],
            "transform": [
                [1.0, -0.0, 0.0, -0.0, 0.0, -0.973887, -0.227034, 0.271711, 0.0, 0.227034, -0.973887, -0.028915, 0.0, 0.0, 0.0, 1.0],
                [1.0, -0.0, 0.0, -0.0, 0.0, -0.973887, -0.227034, 0.271711, 0.0, 0.227034, -0.973887, -0.028915, 0.0, 0.0, 0.0, 1.0]
            ]
        },
        {
            "name": "Elbow_L",
            "time": [0.0, 2.6667],
            "transform": [
                [-1.0, 0.0, 0.0, 0.0, 0.0, 0.003946, -0.999992, 0.318698, -0.0, -0.999992, -0.003946, -0.001179, 0.0, 0.0, 0.0, 1.0],
                [-1.0, 0.0, 0.0, 0.0, 0.0, 0.003946, -0.999992, 0.318698, -0.0, -0.999992, -0.003946, -0.001179, 0.0, 0.0, 0.0, 1.0]
            ]
        }
    ]
}