{
    "animation": [
        {
            "name": "Root",
            "time": [0.0, 1.0, 2.0],
            "transform": [
                [1.0, 0.0, 0.0, -5e-06, 0.0, 0.0, -1.0, 0.000946, 0.0, 1.0, 0.0, 0.763972, 0.0, 0.0, 0.0, 1.0],
                [1.0, 0.0, 0.0, -5e-06, 0.0, 0.0, -1.0, 0.000946, 0.0, 1.0, 0.0, 0.763972, 0.0, 0.0, 0.0, 1.0],
                [1.0, 0.0, 0.0, -5e-06, 0.0, 0.0, -1.0, 0.000946, 0.0, 1.0, 0.0, 0.763972, 0.0, 0.0, 0.0, 1.0]
            ]
        },
        {
            "name": "Thigh_R",
            "time": [0.0, 1.0, 2.0],
            "transform": [
                [1.0, -0.0, 0.0, 0.124994, -0.0, -0.99995, 0.010107, -0.002831, 0.0, -0.010107, -0.999952, -1.2e-05, 0.0, 0.0, 0.0, 1.0],
                [1.0, -0.0, 0.0, 0.124994, -0.0, -0.999948, 0.010327, -0.002831, 0.0, -0.010327, -0.99995, -1.2e-05, 0.0, 0.0, 0.0, 1.0],
                [1.0, -0.0, 0.0, 0.124994, -0.0, -0.99995, 0.010107, -0.002831, 0.0, -0.010107, -0.999952, -1.2e-05, 0.0, 0.0, 0.0, 1.0]
            ]
        },
        {
            "name": "Leg_R",
            "time": [0.0, 1.0, 2.0],
            "transform": [
                [1.0, -0.0, 1e-06, -0.0, -0.0, 0.999864, 0.020203, 0.374726, -1e-06, -0.020206, 0.999717, -0.0, 0.0, 0.0, 0.0, 1.0],
                [1.0, -0.0, 1e-06, 0.0, -0.0, 0.999859, 0.020642, 0.374726, -1e-06, -0.020645, 0.999704, 0.0, 0.0, 0.0, 0.0, 1.0],
                [1.0, -0.0, 1e-06, -0.0, -0.0, 0.999864, 0.020203, 0.374726, -1e-06, -0.020206, 0.999717, -0.0, 0.0, 0.0, 0.0, 1.0]
            ]
        },
        {
            "name": "Knee_R",
            "time": [0.0, 2.0],
            "transform": [
                [1.0, 0.0, -0.0, -0.0, -0.0, 0.00567, -0.999984, 0.374726, -0.0, 0.999984, 0.00567, 0.0, 0.0, 0.0, 0.0, 1.0],
                [1.0, 0.0, -0.0, -0.0, -0.0, 0.00567, -0.999984, 0.374726, -0.0, 0.999984, 0.00567, 0.0, 0.0, 0.0, 0.0, 1.0]
            ]
        },
        {
            "name": "Thigh_L",
            "time": [0.0, 1.0, 2.0],
            "transform": [
                [1.0, -0.0, 0.0, -0.125006, -0.0, -0.999974, 0.007376, -0.002833, 0.0, -0.007376, -0.999975, -1.2e-05, 0.0, 0.0, 0.0, 1.0],
                [1.0, -0.0, 0.0, -0.125006, -0.0, -0.999974, 0.007474, -0.002833, 0.0, -0.007474, -0.999974, -1.2e-05, 0.0, 0.0, 0.0, 1.0],
                [1.0, -0.0, 0.0, -0.125006, -0.0, -0.999974, 0.007376, -0.002833, 0.0, -0.007376, -0.999975, -1.2e-05, 0.0, 0.0, 0.0, 1.0]
            ]
        },
        {
            "name": "Leg_L",
            "time": [0.0, 1.0, 2.0],
            "transform": [
                [1.0, -0.0, 1e-06, -0.0, -0.0, 0.999903, 0.014746, 0.374726, -1e-06, -0.014746, 0.999873, -0.0, 0.0, 0.0, 0.0, 1.0],
                [1.0, -0.0, 1e-06, -0.0, -0.0, 0.999901, 0.014942, 0.374726, -1e-06, -0.014942, 0.999869, -0.0, 0.0, 0.0, 0.0, 1.0],
                [1.0, -0.0, 1e-06, -0.0, -0.0, 0.999903, 0.014746, 0.374726, -1e-06, -0.014746, 0.999873, -0.0, 0.0, 0.0, 0.0, 1.0]
            ]
        },
        {
            "name": "Knee_L",
            "time": [0.0, 2.0],
            "transform": [
                [1.0, 0.0, -0.0, -0.0, -0.0, 0.00567, -0.999984, 0.374726, -0.0, 0.999984, 0.00567, -0.0, 0.0, 0.0, 0.0, 1.0],
                [1.0, 0.0, -0.0, -0.0, -0.0, 0.00567, -0.999984, 0.374726, -0.0, 0.999984, 0.00567, -0.0, 0.0, 0.0, 0.0, 1.0]
            ]
        },
        {
            "name": "Torso",
            "time": [0.0, 1.0, 2.0],
            "transform": [
                [1.0, 0.0, 0.0, 0.0, 0.0, 1.0, 0.0, 0.05, 0.0, 0.0, 1.0, 0.0, 0.0, 0.0, 0.0, 1.0],
                [1.0, 0.0, 0.0, 0.0, 0.0, 1.0, 0.0, 0.05, 0.0, 0.0, 1.0, 0.0, 0.0, 0.0, 0.0, 1.0],
                [1.0, 0.0, 0.0, 0.0, 0.0, 1.0, 0.0, 0.05, 0.0, 0.0, 1.0, 0.0, 0.0, 0.0, 0.0, 1.0]
            ]
        },
        {
            "name": "Chest",
            "time": [0.0, 1.0, 2.0],
            "transform": [
                [0.683932, 0.131046, -0.71768, 0.0, 0.163624, 0.93112, 0.325949, 0.3, 0.71096, -0.340356, 0.615381, 0.0, 0.0, 0.0, 0.0, 1.0],
                [0.683932, 0.131046, -0.71768, 0.0, 0.224965, 0.897913, 0.378342, 0.3, 0.693994, -0.420213, 0.58463, 0.0, 0.0, 0.0, 0.0, 1.0],
                [0.683932, 0.131046, -0.71768, 0.0, 0.163624, 0.93112, 0.325949, 0.3, 0.71096, -0.340356, 0.615381, 0.0, 0.0, 0.0, 0.0, 1.0]
            ]
        },
        {
            "name": "Head",
            "time": [0.0, 1.0, 2.0],
            "transform": [
                [0.685113, 0.158029, 0.711089, -0.0, 0.139863, 0.929484, -0.341319, 0.4, -0.714884, 0.333297, 0.614699, 0.0, 0.0, 0.0, 0.0, 1.0],
                [0.685692, 0.21935, 0.694055, 0.0, 0.139589, 0.89619, -0.42114, 0.4, -0.714383, 0.385655, 0.583891, 0.0, 0.0, 0.0, 0.0, 1.0],
                [0.685113, 0.158029, 0.711089, -0.0, 0.139863, 0.929484, -0.341319, 0.4, -0.714884, 0.333297, 0.614699, 0.0, 0.0, 0.0, 0.0, 1.0]
            ]
        },
        {
            "name": "Shoulder_R",
            "time": [0.0, 1.0, 2.0],
            "transform": [
                [-0.0, 0.952114, 0.305744, -0.0, 0.0, -0.305743, 0.952115, 0.4, 1.000001, 0.0, -0.0, 0.0, 0.0, 0.0, 0.0, 1.0],
                [-0.0, 0.952114, 0.305744, 0.0, 0.0, -0.305743, 0.952115, 0.4, 1.000001, 0.0, -0.0, 0.0, 0.0, 0.0, 0.0, 1.0],
                [-0.0, 0.952114, 0.305744, -0.0, 0.0, -0.305743, 0.952115, 0.4, 1.000001, 0.0, -0.0, 0.0, 0.0, 0.0, 0.0, 1.0]
            ]
        },
        {
            "name": "Arm_R",
            "time": [0.0, 1.0, 2.0],
            "transform": [
                [-0.499077, -0.856075, 0.134438, -0.0, 0.479031, -0.401828, -0.780426, 0.39386, 0.722122, -0.325094, 0.610624, 0.0, 0.0, 0.0, 0.0, 1.0],
                [-0.495613, -0.864713, 0.081577, -0.0, 0.518369, -0.369849, -0.771043, 0.39386, 0.6969, -0.339854, 0.631536, 0.0, 0.0, 0.0, 0.0, 1.0],
                [-0.499077, -0.856075, 0.134438, -0.0, 0.479031, -0.401828, -0.780426, 0.39386, 0.722122, -0.325094, 0.610624, 0.0, 0.0, 0.0, 0.0, 1.0]
            ]
        },
        {
            "name": "Hand_R",
            "time": [0.0, 1.0, 2.0],
            "transform": [
                [0.999999, -2e-06, 1e-06, 0.0, 3e-06, 0.690802, -0.723019, 0.300002, 1e-06, 0.723123, 0.690715, 0.0, 0.0, 0.0, 0.0, 1.0],
                [0.999999, -3e-06, 1e-06, 0.0, 3e-06, 0.603857, -0.797045, 0.300003, 1e-06, 0.797182, 0.603765, 0.0, 0.0, 0.0, 0.0, 1.0],
                [0.999999, -2e-06, 1e-06, 0.0, 3e-06, 0.690802, -0.723019, 0.300002, 1e-06, 0.723123, 0.690715, 0.0, 0.0, 0.0, 0.0, 1.0]
            ]
        },
        {
            "name": "Tool_R",
            "time": [0.0, 1.0, 2.0],
            "transform": [
                [0.89439, -0.001018, -0.44729, -0.001821, -0.039323, -0.996304, -0.076363, 0.214753, -0.445559, 0.085887, -0.891124, -0.055746, 0.0, 0.0, 0.0, 1.0],
                [0.894389, -0.001018, -0.44729, -0.001821, -0.039323, -0.996304, -0.076363, 0.214753, -0.445559, 0.085887, -0.891124, -0.055746, 0.0, 0.0, 0.0, 1.0],
                [0.89439, -0.001018, -0.44729, -0.001821, -0.039323, -0.996304, -0.076363, 0.214753, -0.445559, 0.085887, -0.891124, -0.055746, 0.0, 0.0, 0.0, 1.0]
            ]
        },
        {
            "name": "Elbow_R",
            "time": [0.0, 2.0],
            "transform": [
                [-1.0, 0.0, -0.0, 0.0, -0.0, 0.003946, -0.999992, 0.374939, -0.0, -0.999992, -0.003946, -0.000957, 0.0, 0.0, 0.0, 1.0],
                [-1.0, 0.0, -0.0, 0.0, -0.0, 0.003946, -0.999992, 0.374939, -0.0, -0.999992, -0.003946, -0.000957, 0.0, 0.0, 0.0, 1.0]
            ]
        },
        {
            "name": "Shoulder_L",
            "time": [0.0, 1.0, 2.0],
            "transform": [
                [0.0, -0.952114, -0.305744, -0.0, 0.0, -0.305744, 0.952114, 0.4, -1.0, -0.0, -0.0, 0.0, 0.0, 0.0, 0.0, 1.0],
                [0.0, -0.952114, -0.305744, 0.0, 0.0, -0.305743, 0.952114, 0.4, -1.0, -0.0, -0.0, 0.0, 0.0, 0.0, 0.0, 1.0],
                [0.0, -0.952114, -0.305744, -0.0, 0.0, -0.305744, 0.952114, 0.4, -1.0, -0.0, -0.0, 0.0, 0.0, 0.0, 0.0, 1.0]
            ]
        },
        {
            "name": "Arm_L",
            "time": [0.0, 1.0, 2.0],
            "transform": [
                [-0.019552, 0.951001, -0.308568, 0.0, -0.449333, -0.284061, -0.846996, 0.39386, -0.89314, 0.12209, 0.432871, 0.0, 0.0, 0.0, 0.0, 1.0],
                [0.063441, 0.926805, -0.370144, 0.0, -0.374888, -0.321596, -0.869498, 0.39386, -0.924887, 0.193927, 0.327048, -0.0, 0.0, 0.0, 0.0, 1.0],
                [-0.019552, 0.951001, -0.308568, 0.0, -0.449333, -0.284061, -0.846996, 0.39386, -0.89314, 0.12209, 0.432871, 0.0, 0.0, 0.0, 0.0, 1.0]
            ]
        },
        {
            "name": "Hand_L",
            "time": [0.0, 1.0, 2.0],
            "transform": [
                [1.000003, 0.0, 0.0, 0.0, -0.0, 0.975203, -0.221275, 0.300003, -0.0, 0.221272, 0.975221, 0.0, 0.0, 0.0, 0.0, 1.0],
                [1.000003, 1e-06, -0.0, 0.0, -1e-06, 0.976931, -0.213519, 0.300003, -0.0, 0.213516, 0.976948, -0.0, 0.0, 0.0, 0.0, 1.0],
                [1.000003, 0.0, 0.0, 0.0, -0.0, 0.975203, -0.221275, 0.300003, -0.0, 0.221272, 0.975221, 0.0, 0.0, 0.0, 0.0, 1.0]
            ]
        },
        {
            "name": "Tool_L",
            "time": [0.0, 2.0],
            "transform": [
                [1.0, -0.0, 0.0, -0.0, -0.0, -0.973887, -0.227034, 0.271711, 0.0, 0.227034, -0.973887, -0.028915, 0.0, 0.0, 0.0, 1.0],
                [1.0, -0.0, 0.0, -0.0, -0.0, -0.973887, -0.227034, 0.271711, 0.0, 0.227034, -0.973887, -0.028915, 0.0, 0.0, 0.0, 1.0]
            ]
        },
        {
            "name": "Elbow_L",
            "time": [0.0, 2.0],
            "transform": [
                [-1.0, 0.0, -0.0, -0.0, 0.0, 0.003946, -0.999992, 0.320107, -0.0, -0.999993, -0.003946, -0.001173, 0.0, 0.0, 0.0, 1.0],
                [-1.0, 0.0, -0.0, -0.0, 0.0, 0.003946, -0.999992, 0.320107, -0.0, -0.999993, -0.003946, -0.001173, 0.0, 0.0, 0.0, 1.0]
            ]
        }
    ]
}