{
    "animation": [
        {
            "name": "Root",
            "time": [0.0, 1.0, 2.0],
            "transform": [
                [1.0, 0.0, 0.0, -5e-06, 0.0, 0.0, -1.0, 0.000946, 0.0, 1.0, 0.0, 0.763972, 0.0, 0.0, 0.0, 1.0],
                [1.0, 0.0, 0.0, -5e-06, 0.0, 0.0, -1.0, 0.000946, 0.0, 1.0, 0.0, 0.763972, 0.0, 0.0, 0.0, 1.0],
                [1.0, 0.0, 0.0, -5e-06, 0.0, 0.0, -1.0, 0.000946, 0.0, 1.0, 0.0, 0.763972, 0.0, 0.0, 0.0, 1.0]
            ]
        },
        {
            "name": "Thigh_R",
            "time": [0.0, 1.0, 2.0],
            "transform": [
                [1.0, -0.0, 0.0, 0.124994, -0.0, -0.999964, 0.008397, -0.002831, 0.0, -0.008397, -0.999967, -1.2e-05, 0.0, 0.0, 0.0, 1.0],
                [1.0, -0.0, 0.0, 0.124994, -0.0, -0.999964, 0.008397, -0.002831, 0.0, -0.008397, -0.999967, -1.2e-05, 0.0, 0.0, 0.0, 1.0],
                [1.0, -0.0, 0.0, 0.124994, -0.0, -0.999964, 0.008397, -0.002831, 0.0, -0.008397, -0.999967, -1.2e-05, 0.0, 0.0, 0.0, 1.0]
            ]
        },
        {
            "name": "Leg_R",
            "time": [0.0, 1.0, 2.0],
            "transform": [
                [1.0, -0.0, 1e-06, 0.0, -0.0, 0.999897, 0.016785, 0.374726, -1e-06, -0.016786, 0.999815, -0.0, 0.0, 0.0, 0.0, 1.0],
                [1.0, -0.0, 1e-06, 0.0, -0.0, 0.999897, 0.016785, 0.374726, -1e-06, -0.016786, 0.999815, -0.0, 0.0, 0.0, 0.0, 1.0],
                [1.0, -0.0, 1e-06, 0.0, -0.0, 0.999897, 0.016785, 0.374726, -1e-06, -0.016786, 0.999815, -0.0, 0.0, 0.0, 0.0, 1.0]
            ]
        },
        {
            "name": "Knee_R",
            "time": [0.0, 2.0],
            "transform": [
                [1.0, 0.0, -0.0, -0.0, -0.0, 0.00567, -0.999984, 0.374726, -0.0, 0.999984, 0.00567, 0.0, 0.0, 0.0, 0.0, 1.0],
                [1.0, 0.0, -0.0, -0.0, -0.0, 0.00567, -0.999984, 0.374726, -0.0, 0.999984, 0.00567, 0.0, 0.0, 0.0, 0.0, 1.0]
            ]
        },
        {
            "name": "Thigh_L",
            "time": [0.0, 1.0, 2.0],
            "transform": [
                [1.0, -0.0, 0.0, -0.125006, -0.0, -0.999979, 0.006603, -0.002832, 0.0, -0.006603, -0.999979, -1.2e-05, 0.0, 0.0, 0.0, 1.0],
                [1.0, -0.0, 0.0, -0.125006, -0.0, -0.999979, 0.006603, -0.002832, 0.0, -0.006603, -0.999979, -1.2e-05, 0.0, 0.0, 0.0, 1.0],
                [1.0, -0.0, 0.0, -0.125006, -0.0, -0.999979, 0.006603, -0.002832, 0.0, -0.006603, -0.999979, -1.2e-05, 0.0, 0.0, 0.0, 1.0]
            ]
        },
        {
            "name": "Leg_L",
            "time": [0.0, 1.0, 2.0],
            "transform": [
                [1.0, -0.0, 1e-06, -0.0, -0.0, 0.99992, 0.0132, 0.374726, -1e-06, -0.0132, 0.999905, -0.0, 0.0, 0.0, 0.0, 1.0],
                [1.0, -0.0, 1e-06, -0.0, -0.0, 0.99992, 0.0132, 0.374726, -1e-06, -0.0132, 0.999905, -0.0, 0.0, 0.0, 0.0, 1.0],
                [1.0, -0.0, 1e-06, -0.0, -0.0, 0.99992, 0.0132, 0.374726, -1e-06, -0.0132, 0.999905, -0.0, 0.0, 0.0, 0.0, 1.0]
            ]
        },
        {
            "name": "Knee_L",
            "time": [0.0, 2.0],
            "transform": [
                [1.0, 0.0, -0.0, -0.0, -0.0, 0.00567, -0.999984, 0.374726, -0.0, 0.999984, 0.00567, -0.0, 0.0, 0.0, 0.0, 1.0],
                [1.0, 0.0, -0.0, -0.0, -0.0, 0.00567, -0.999984, 0.374726, -0.0, 0.999984, 0.00567, -0.0, 0.0, 0.0, 0.0, 1.0]
            ]
        },
        {
            "name": "Torso",
            "time": [0.0, 1.0, 2.0],
            "transform": [
                [1.0, 0.0, 0.0, 0.0, 0.0, 0.984808, 0.173648, 0.05, 0.0, -0.173648, 0.984808, 0.0, 0.0, 0.0, 0.0, 1.0],
                [1.0, 0.0, 0.0, 0.0, 0.0, 0.984808, 0.173648, 0.05, 0.0, -0.173648, 0.984808, 0.0, 0.0, 0.0, 0.0, 1.0],
                [1.0, 0.0, 0.0, 0.0, 0.0, 0.984808, 0.173648, 0.05, 0.0, -0.173648, 0.984808, 0.0, 0.0, 0.0, 0.0, 1.0]
            ]
        },
        {
            "name": "Chest",
            "time": [0.0, 1.0, 2.0],
            "transform": [
                [0.852868, 0.173648, -0.492404, 0.0, 0.247216, 0.696364, 0.673767, 0.3, 0.459891, -0.696364, 0.550978, -0.0, 0.0, 0.0, 0.0, 1.0],
                [0.852868, 0.173648, -0.492404, 0.0, 0.286358, 0.633022, 0.719224, 0.3, 0.436595, -0.754407, 0.490159, -0.0, 0.0, 0.0, 0.0, 1.0],
                [0.852868, 0.173648, -0.492404, 0.0, 0.247216, 0.696364, 0.673767, 0.3, 0.459891, -0.696364, 0.550978, -0.0, 0.0, 0.0, 0.0, 1.0]
            ]
        },
        {
            "name": "Head",
            "time": [0.0, 1.0, 2.0],
            "transform": [
                [0.851514, 0.32332, 0.412781, 0.0, 0.176303, 0.564862, -0.806132, 0.4, -0.493803, 0.759207, 0.423986, 0.0, 0.0, 0.0, 0.0, 1.0],
                [0.851612, 0.357822, 0.383042, 0.0, 0.176455, 0.492403, -0.852293, 0.4, -0.49358, 0.793412, 0.356197, -0.0, 0.0, 0.0, 0.0, 1.0],
                [0.851514, 0.32332, 0.412781, 0.0, 0.176303, 0.564862, -0.806132, 0.4, -0.493803, 0.759207, 0.423986, 0.0, 0.0, 0.0, 0.0, 1.0]
            ]
        },
        {
            "name": "Shoulder_R",
            "time": [0.0, 1.0, 2.0],
            "transform": [
                [0.0, 0.952114, 0.305744, 0.0, 0.0, -0.305743, 0.952115, 0.4, 1.0, 0.0, -0.0, 0.0, 0.0, 0.0, 0.0, 1.0],
                [0.0, 0.952114, 0.305744, 0.0, 0.0, -0.305743, 0.952115, 0.4, 1.0, -0.0, -0.0, -0.0, 0.0, 0.0, 0.0, 1.0],
                [0.0, 0.952114, 0.305744, 0.0, 0.0, -0.305743, 0.952115, 0.4, 1.0, 0.0, -0.0, 0.0, 0.0, 0.0, 0.0, 1.0]
            ]
        },
        {
            "name": "Arm_R",
            "time": [0.0, 1.0, 2.0],
            "transform": [
                [-0.654378, -0.429506, -0.62235, 0.0, 0.403878, 0.497279, -0.767854, 0.39386, 0.63928, -0.753818, -0.15194, -0.0, 0.0, 0.0, 0.0, 1.0],
                [-0.649181, -0.452214, -0.611613, -0.0, 0.386196, 0.496772, -0.777222, 0.393861, 0.655303, -0.740759, -0.147852, -0.0, 0.0, 0.0, 0.0, 1.0],
                [-0.654378, -0.429506, -0.62235, 0.0, 0.403878, 0.497279, -0.767854, 0.39386, 0.63928, -0.753818, -0.15194, -0.0, 0.0, 0.0, 0.0, 1.0]
            ]
        },
        {
            "name": "Hand_R",
            "time": [0.0, 1.0, 2.0],
            "transform": [
                [1.000001, 1e-06, -1e-06, -0.0, -1e-06, 0.061209, -0.998108, 0.300003, -1e-06, 0.998143, 0.061207, -0.0, 0.0, 0.0, 0.0, 1.0],
                [1.000001, -2e-06, 2e-06, -0.0, 2e-06, 0.033054, -0.999437, 0.300003, 2e-06, 0.999473, 0.033054, 0.0, 0.0, 0.0, 0.0, 1.0],
                [1.000001, 1e-06, -1e-06, -0.0, -1e-06, 0.061209, -0.998108, 0.300003, -1e-06, 0.998143, 0.061207, -0.0, 0.0, 0.0, 0.0, 1.0]
            ]
        },
        {
            "name": "Tool_R",
            "time": [0.0, 1.0, 2.0],
            "transform": [
                [0.97425, -0.044418, -0.221052, -0.0171, -0.162252, -0.818882, -0.550551, 0.226787, -0.156561, 0.57224, -0.805003, 0.031117, 0.0, 0.0, 0.0, 1.0],
                [0.97425, -0.044418, -0.221052, -0.0171, -0.162252, -0.818882, -0.550551, 0.226787, -0.156561, 0.57224, -0.805003, 0.031117, 0.0, 0.0, 0.0, 1.0],
                [0.97425, -0.044418, -0.221052, -0.0171, -0.162252, -0.818882, -0.550551, 0.226787, -0.156561, 0.57224, -0.805003, 0.031117, 0.0, 0.0, 0.0, 1.0]
            ]
        },
        {
            "name": "Elbow_R",
            "time": [0.0, 2.0],
            "transform": [
                [-1.0, 0.0, -0.0, -0.0, 0.0, 0.003946, -0.999992, 0.440658, -0.0, -0.999992, -0.003946, -0.000697, 0.0, 0.0, 0.0, 1.0],
                [-1.0, 0.0, -0.0, -0.0, 0.0, 0.003946, -0.999992, 0.440658, -0.0, -0.999992, -0.003946, -0.000697, 0.0, 0.0, 0.0, 1.0]
            ]
        },
        {
            "name": "Shoulder_L",
            "time": [0.0, 1.0, 2.0],
            "transform": [
                [0.0, -0.952114, -0.305743, 0.0, 0.0, -0.305743, 0.952114, 0.4, -1.0, 0.0, 0.0, 0.0, 0.0, 0.0, 0.0, 1.0],
                [-0.0, -0.952114, -0.305743, 0.0, 0.0, -0.305743, 0.952114, 0.4, -1.0, 0.0, 0.0, -0.0, 0.0, 0.0, 0.0, 1.0],
                [0.0, -0.952114, -0.305743, 0.0, 0.0, -0.305743, 0.952114, 0.4, -1.0, 0.0, 0.0, 0.0, 0.0, 0.0, 0.0, 1.0]
            ]
        },
        {
            "name": "Arm_L",
            "time": [0.0, 1.0, 2.0],
            "transform": [
                [-0.735245, 0.660622, 0.151614, -0.0, -0.392505, -0.23262, -0.889844, 0.39386, -0.552586, -0.71376, 0.430332, 0.0, 0.0, 0.0, 0.0, 1.0],
                [-0.715528, 0.651488, 0.25214, 0.0, -0.432965, -0.130326, -0.891937, 0.39386, -0.54823, -0.747372, 0.375325, 0.0, 0.0, 0.0, 0.0, 1.0],
                [-0.735245, 0.660622, 0.151614, -0.0, -0.392505, -0.23262, -0.889844, 0.39386, -0.552586, -0.71376, 0.430332, 0.0, 0.0, 0.0, 0.0, 1.0]
            ]
        },
        {
            "name": "Hand_L",
            "time": [0.0, 1.0, 2.0],
            "transform": [
                [1.000001, 3e-06, -0.0, 0.0, -3e-06, 0.955569, -0.294765, 0.300003, -0.0, 0.294761, 0.955575, -0.0, 0.0, 0.0, 0.0, 1.0],
                [1.000001, -4e-06, 1e-06, -0.0, 4e-06, 0.822487, -0.568785, 0.300003, 1e-06, 0.568775, 0.822494, 0.0, 0.0, 0.0, 0.0, 1.0],
                [1.000001, 3e-06, -0.0, 0.0, -3e-06, 0.955569, -0.294765, 0.300003, -0.0, 0.294761, 0.955575, -0.0, 0.0, 0.0, 0.0, 1.0]
            ]
        },
        {
            "name": "Tool_L",
            "time": [0.0, 2.0],
            "transform": [
                [1.0, -0.0, 0.0, -0.0, -0.0, -0.973887, -0.227034, 0.271711, 0.0, 0.227034, -0.973887, -0.028915, 0.0, 0.0, 0.0, 1.0],
                [1.0, -0.0, 0.0, -0.0, -0.0, -0.973887, -0.227034, 0.271711, 0.0, 0.227034, -0.973887, -0.028915, 0.0, 0.0, 0.0, 1.0]
            ]
        },
        {
            "name": "Elbow_L",
            "time": [0.0, 2.0],
            "transform": [
                [-1.0, 0.0, -0.0, -0.0, 0.0, 0.003946, -0.999992, 0.327237, -0.0, -0.999992, -0.003946, -0.001145, 0.0, 0.0, 0.0, 1.0],
                [-1.0, 0.0, -0.0, -0.0, 0.0, 0.003946, -0.999992, 0.327237, -0.0, -0.999992, -0.003946, -0.001145, 0.0, 0.0, 0.0, 1.0]
            ]
        }
    ]
}