{
    "animation": [
        {
            "name": "Root",
            "time": [0.0, 1.0, 2.0],
            "transform": [
                [1.0, 0.0, 0.0, -5e-06, 0.0, 0.0, -1.0, 0.000946, 0.0, 1.0, 0.0, 0.763972, 0.0, 0.0, 0.0, 1.0],
                [1.0, 0.0, 0.0, -5e-06, 0.0, 0.0, -1.0, 0.000946, 0.0, 1.0, 0.0, 0.763972, 0.0, 0.0, 0.0, 1.0],
                [1.0, 0.0, 0.0, -5e-06, 0.0, 0.0, -1.0, 0.000946, 0.0, 1.0, 0.0, 0.763972, 0.0, 0.0, 0.0, 1.0]
            ]
        },
        {
            "name": "Thigh_R",
            "time": [0.0, 1.0, 2.0],
            "transform": [
                [1.0, -0.0, 0.0, 0.124994, -0.0, -0.999936, 0.011493, -0.002831, 0.0, -0.011493, -0.999938, -1.2e-05, 0.0, 0.0, 0.0, 1.0],
                [1.0, -0.0, 0.0, 0.124994, -0.0, -0.999936, 0.011493, -0.002831, 0.0, -0.011493, -0.999938, -1.2e-05, 0.0, 0.0, 0.0, 1.0],
                [1.0, -0.0, 0.0, 0.124994, -0.0, -0.999936, 0.011493, -0.002831, 0.0, -0.011493, -0.999938, -1.2e-05, 0.0, 0.0, 0.0, 1.0]
            ]
        },
        {
            "name": "Leg_R",
            "time": [0.0, 1.0, 2.0],
            "transform": [
                [1.0, -0.0, 1e-06, 0.0, -0.0, 0.99983, 0.022972, 0.374726, -1e-06, -0.022977, 0.999623, 0.0, 0.0, 0.0, 0.0, 1.0],
                [1.0, -0.0, 1e-06, 0.0, -0.0, 0.99983, 0.022972, 0.374726, -1e-06, -0.022977, 0.999623, 0.0, 0.0, 0.0, 0.0, 1.0],
                [1.0, -0.0, 1e-06, 0.0, -0.0, 0.99983, 0.022972, 0.374726, -1e-06, -0.022977, 0.999623, 0.0, 0.0, 0.0, 0.0, 1.0]
            ]
        },
        {
            "name": "Knee_R",
            "time": [0.0, 2.0],
            "transform": [
                [1.0, 0.0, -0.0, 0.0, -0.0, 0.00567, -0.999984, 0.374726, -0.0, 0.999984, 0.00567, 0.0, 0.0, 0.0, 0.0, 1.0],
                [1.0, 0.0, -0.0, 0.0, -0.0, 0.00567, -0.999984, 0.374726, -0.0, 0.999984, 0.00567, 0.0, 0.0, 0.0, 0.0, 1.0]
            ]
        },
        {
            "name": "Thigh_L",
            "time": [0.0, 1.0, 2.0],
            "transform": [
                [1.0, -0.0, 0.0, -0.125006, -0.0, -0.999973, 0.007697, -0.002834, 0.0, -0.007697, -0.999973, -1.2e-05, 0.0, 0.0, 0.0, 1.0],
                [1.0, -0.0, 0.0, -0.125006, -0.0, -0.999973, 0.007697, -0.002834, 0.0, -0.007697, -0.999973, -1.2e-05, 0.0, 0.0, 0.0, 1.0],
                [1.0, -0.0, 0.0, -0.125006, -0.0, -0.999973, 0.007697, -0.002834, 0.0, -0.007697, -0.999973, -1.2e-05, 0.0, 0.0, 0.0, 1.0]
            ]
        },
        {
            "name": "Leg_L",
            "time": [0.0, 1.0, 2.0],
            "transform": [
                [1.0, -0.0, 1e-06, -0.0, -0.0, 0.999894, 0.015388, 0.374726, -1e-06, -0.015388, 0.999858, -0.0, 0.0, 0.0, 0.0, 1.0],
                [1.0, -0.0, 1e-06, -0.0, -0.0, 0.999894, 0.015388, 0.374726, -1e-06, -0.015388, 0.999858, -0.0, 0.0, 0.0, 0.0, 1.0],
                [1.0, -0.0, 1e-06, -0.0, -0.0, 0.999894, 0.015388, 0.374726, -1e-06, -0.015388, 0.999858, -0.0, 0.0, 0.0, 0.0, 1.0]
            ]
        },
        {
            "name": "Knee_L",
            "time": [0.0, 2.0],
            "transform": [
                [1.0, 0.0, -0.0, -0.0, -0.0, 0.00567, -0.999984, 0.374726, -0.0, 0.999984, 0.00567, -0.0, 0.0, 0.0, 0.0, 1.0],
                [1.0, 0.0, -0.0, -0.0, -0.0, 0.00567, -0.999984, 0.374726, -0.0, 0.999984, 0.00567, -0.0, 0.0, 0.0, 0.0, 1.0]
            ]
        },
        {
            "name": "Torso",
            "time": [0.0, 1.0, 2.0],
            "transform": [
                [1.0, 0.0, 0.0, 0.0, 0.0, 0.984808, -0.173648, 0.05, 0.0, 0.173648, 0.984807, 0.0, 0.0, 0.0, 0.0, 1.0],
                [1.0, 0.0, 0.0, 0.0, 0.0, 0.984808, -0.173648, 0.05, 0.0, 0.173648, 0.984807, 0.0, 0.0, 0.0, 0.0, 1.0],
                [1.0, 0.0, 0.0, 0.0, 0.0, 0.984808, -0.173648, 0.05, 0.0, 0.173648, 0.984807, 0.0, 0.0, 0.0, 0.0, 1.0]
            ]
        },
        {
            "name": "Chest",
            "time": [0.0, 1.0, 2.0],
            "transform": [
                [0.683932, 0.131046, -0.71768, 0.0, -0.288984, 0.95193, -0.101576, 0.3, 0.66987, 0.276869, 0.688925, -0.0, 0.0, 0.0, 0.0, 1.0],
                [0.683932, 0.131046, -0.71768, 0.0, -0.229501, 0.972438, -0.041146, 0.3, 0.692508, 0.192849, 0.695157, -0.0, 0.0, 0.0, 0.0, 1.0],
                [0.683932, 0.131046, -0.71768, 0.0, -0.288984, 0.95193, -0.101576, 0.3, 0.66987, 0.276869, 0.688925, -0.0, 0.0, 0.0, 0.0, 1.0]
            ]
        },
        {
            "name": "Head",
            "time": [0.0, 1.0, 2.0],
            "transform": [
                [0.679899, -0.406597, 0.61026, -0.0, 0.139132, 0.888613, 0.437047, 0.4, -0.719987, -0.212241, 0.660737, 0.0, 0.0, 0.0, 0.0, 1.0],
                [0.680394, -0.351916, 0.642823, 0.0, 0.139491, 0.923311, 0.357826, 0.4, -0.71945, -0.153795, 0.677303, -0.0, 0.0, 0.0, 0.0, 1.0],
                [0.679899, -0.406597, 0.61026, -0.0, 0.139132, 0.888613, 0.437047, 0.4, -0.719987, -0.212241, 0.660737, 0.0, 0.0, 0.0, 0.0, 1.0]
            ]
        },
        {
            "name": "Shoulder_R",
            "time": [0.0, 1.0, 2.0],
            "transform": [
                [-0.0, 0.952115, 0.305744, -0.0, 0.0, -0.305743, 0.952115, 0.4, 1.000002, 0.0, 0.0, 0.0, 0.0, 0.0, 0.0, 1.0],
                [-0.0, 0.952115, 0.305744, 0.0, 0.0, -0.305743, 0.952115, 0.4, 1.000002, 0.0, -0.0, -0.0, 0.0, 0.0, 0.0, 1.0],
                [-0.0, 0.952115, 0.305744, -0.0, 0.0, -0.305743, 0.952115, 0.4, 1.000002, 0.0, 0.0, 0.0, 0.0, 0.0, 0.0, 1.0]
            ]
        },
        {
            "name": "Arm_R",
            "time": [0.0, 1.0, 2.0],
            "transform": [
                [-0.369577, -0.191246, -0.909313, 0.0, 0.748865, 0.518053, -0.413321, 0.393861, 0.550111, -0.833709, -0.048242, -0.0, 0.0, 0.0, 0.0, 1.0],
                [-0.329644, -0.171955, -0.92832, 0.0, 0.779159, 0.505729, -0.370354, 0.39386, 0.533155, -0.845397, -0.03273, -0.0, 0.0, 0.0, 0.0, 1.0],
                [-0.369577, -0.191246, -0.909313, 0.0, 0.748865, 0.518053, -0.413321, 0.393861, 0.550111, -0.833709, -0.048242, -0.0, 0.0, 0.0, 0.0, 1.0]
            ]
        },
        {
            "name": "Hand_R",
            "time": [0.0, 1.0, 2.0],
            "transform": [
                [0.999998, -3e-06, 4e-06, 0.0, 3e-06, -0.243843, -0.969608, 0.300003, 4e-06, 0.97002, -0.243742, 0.0, 0.0, 0.0, 0.0, 1.0],
                [0.999998, -3e-06, 4e-06, 0.0, 3e-06, -0.322858, -0.946256, 0.300003, 4e-06, 0.946658, -0.322725, -0.0, 0.0, 0.0, 0.0, 1.0],
                [0.999998, -3e-06, 4e-06, 0.0, 3e-06, -0.243843, -0.969608, 0.300003, 4e-06, 0.97002, -0.243742, 0.0, 0.0, 0.0, 0.0, 1.0]
            ]
        },
        {
            "name": "Tool_R",
            "time": [0.0, 1.0, 2.0],
            "transform": [
                [0.895872, 0.443342, 0.029359, -0.049601, 0.380303, -0.730965, -0.566622, 0.213626, -0.229747, 0.518786, -0.823455, -0.024318, 0.0, 0.0, 0.0, 1.0],
                [0.895872, 0.443342, 0.029359, -0.049601, 0.380303, -0.730965, -0.566622, 0.213627, -0.229747, 0.518786, -0.823456, -0.024318, 0.0, 0.0, 0.0, 1.0],
                [0.895872, 0.443342, 0.029359, -0.049601, 0.380303, -0.730965, -0.566622, 0.213626, -0.229747, 0.518786, -0.823455, -0.024318, 0.0, 0.0, 0.0, 1.0]
            ]
        },
        {
            "name": "Elbow_R",
            "time": [0.0, 2.0],
            "transform": [
                [-1.0, 0.0, 0.0, -0.0, 0.0, 0.003946, -0.999992, 0.447206, -0.0, -0.999992, -0.003946, -0.000671, 0.0, 0.0, 0.0, 1.0],
                [-1.0, 0.0, 0.0, -0.0, 0.0, 0.003946, -0.999992, 0.447206, -0.0, -0.999992, -0.003946, -0.000671, 0.0, 0.0, 0.0, 1.0]
            ]
        },
        {
            "name": "Shoulder_L",
            "time": [0.0, 1.0, 2.0],
            "transform": [
                [0.0, -0.952114, -0.305744, -0.0, 0.0, -0.305743, 0.952115, 0.4, -1.0, -0.0, 0.0, 0.0, 0.0, 0.0, 0.0, 1.0],
                [0.0, -0.952114, -0.305744, 0.0, 0.0, -0.305744, 0.952115, 0.4, -1.0, -0.0, 0.0, -0.0, 0.0, 0.0, 0.0, 1.0],
                [0.0, -0.952114, -0.305744, -0.0, 0.0, -0.305743, 0.952115, 0.4, -1.0, -0.0, 0.0, 0.0, 0.0, 0.0, 0.0, 1.0]
            ]
        },
        {
            "name": "Arm_L",
            "time": [0.0, 1.0, 2.0],
            "transform": [
                [0.799837, 0.584913, -0.134605, -0.0, 0.386355, -0.673378, -0.630301, 0.39386, -0.459311, 0.452141, -0.764585, 0.0, 0.0, 0.0, 0.0, 1.0],
                [0.877608, 0.471926, -0.084088, 0.0, 0.357775, -0.761612, -0.540307, 0.39386, -0.319027, 0.4441, -0.837249, -0.0, 0.0, 0.0, 0.0, 1.0],
                [0.799837, 0.584913, -0.134605, -0.0, 0.386355, -0.673378, -0.630301, 0.39386, -0.459311, 0.452141, -0.764585, 0.0, 0.0, 0.0, 0.0, 1.0]
            ]
        },
        {
            "name": "Hand_L",
            "time": [0.0, 1.0, 2.0],
            "transform": [
                [1.000003, 2e-06, -1e-06, -0.0, -2e-06, 0.492949, -0.870053, 0.300003, -1e-06, 0.870071, 0.492941, 0.0, 0.0, 0.0, 0.0, 1.0],
                [1.000004, 1e-06, -1e-06, -0.0, -1e-06, 0.575584, -0.817739, 0.300002, -1e-06, 0.817755, 0.575575, -0.0, 0.0, 0.0, 0.0, 1.0],
                [1.000003, 2e-06, -1e-06, -0.0, -2e-06, 0.492949, -0.870053, 0.300003, -1e-06, 0.870071, 0.492941, 0.0, 0.0, 0.0, 0.0, 1.0]
            ]
        },
        {
            "name": "Tool_L",
            "time": [0.0, 2.0],
            "transform": [
                [1.0, -0.0, 0.0, -0.0, 0.0, -0.973887, -0.227034, 0.271711, 0.0, 0.227034, -0.973887, -0.028915, 0.0, 0.0, 0.0, 1.0],
                [1.0, -0.0, 0.0, -0.0, 0.0, -0.973887, -0.227034, 0.271711, 0.0, 0.227034, -0.973887, -0.028915, 0.0, 0.0, 0.0, 1.0]
            ]
        },
        {
            "name": "Elbow_L",
            "time": [0.0, 2.0],
            "transform": [
                [-1.0, 0.0, -0.0, -0.0, 0.0, 0.003946, -0.999992, 0.398093, -0.0, -0.999992, -0.003946, -0.000865, 0.0, 0.0, 0.0, 1.0],
                [-1.0, 0.0, -0.0, -0.0, 0.0, 0.003946, -0.999992, 0.398093, -0.0, -0.999992, -0.003946, -0.000865, 0.0, 0.0, 0.0, 1.0]
            ]
        }
    ]
}