{
    "animation": [
        {
            "name": "Root",
            "time": [0.0, 0.1, 0.25, 0.3833, 0.5333],
            "transform": [
                [1.0, 0.0, 0.0, -5e-06, 0.0, 0.0, -1.0, 0.000946, 0.0, 1.0, 0.0, 0.763972, 0.0, 0.0, 0.0, 1.0],
                [1.0, 0.0, 0.0, -5e-06, 0.0, 0.0, -1.0, 0.000946, 0.0, 1.0, 0.0, 0.763972, 0.0, 0.0, 0.0, 1.0],
                [1.0, 0.0, 0.0, -5e-06, 0.0, 0.0, -1.0, 0.000946, 0.0, 1.0, 0.0, 0.763972, 0.0, 0.0, 0.0, 1.0],
                [1.0, 0.0, 0.0, -5e-06, 0.0, 0.0, -1.0, 0.000946, 0.0, 1.0, 0.0, 0.763972, 0.0, 0.0, 0.0, 1.0],
                [1.0, 0.0, 0.0, -5e-06, 0.0, 0.0, -1.0, 0.000946, 0.0, 1.0, 0.0, 0.763972, 0.0, 0.0, 0.0, 1.0]
            ]
        },
        {
            "name": "Thigh_R",
            "time": [0.0, 0.1, 0.25, 0.3833, 0.5333],
            "transform": [
                [1.0, -0.0, 0.0, 0.124994, -0.0, -0.999968, 0.007971, -0.002831, 0.0, -0.007971, -0.99997, -1.2e-05, 0.0, 0.0, 0.0, 1.0],
                [1.0, -0.0, 0.0, 0.124994, -0.0, -0.999969, 0.007865, -0.002831, 0.0, -0.007865, -0.999971, -1.2e-05, 0.0, 0.0, 0.0, 1.0],
                [1.0, -0.0, 0.0, 0.124994, -0.0, -0.999969, 0.007865, -0.002831, 0.0, -0.007865, -0.999971, -1.2e-05, 0.0, 0.0, 0.0, 1.0],
                [1.0, -0.0, 0.0, 0.124994, -0.0, -0.999969, 0.007865, -0.002831, 0.0, -0.007865, -0.999971, -1.2e-05, 0.0, 0.0, 0.0, 1.0],
                [1.0, -0.0, 0.0, 0.124994, -0.0, -0.999968, 0.007971, -0.002831, 0.0, -0.007971, -0.99997, -1.2e-05, 0.0, 0.0, 0.0, 1.0]
            ]
        },
        {
            "name": "Leg_R",
            "time": [0.0, 0.1, 0.25, 0.3833, 0.5333],
            "transform": [
                [1.0, -0.0, 1e-06, -0.0, -0.0, 0.999904, 0.015935, 0.374726, -1e-06, -0.015936, 0.999839, -0.0, 0.0, 0.0, 0.0, 1.0],
                [1.0, -0.0, 1e-06, -0.0, -0.0, 0.999906, 0.015722, 0.374726, -1e-06, -0.015723, 0.999844, 0.0, 0.0, 0.0, 0.0, 1.0],
                [1.0, -0.0, 1e-06, -0.0, -0.0, 0.999906, 0.015722, 0.374726, -1e-06, -0.015723, 0.999844, 0.0, 0.0, 0.0, 0.0, 1.0],
                [1.0, -0.0, 1e-06, -0.0, -0.0, 0.999906, 0.015722, 0.374726, -1e-06, -0.015723, 0.999844, 0.0, 0.0, 0.0, 0.0, 1.0],
                [1.0, -0.0, 1e-06, -0.0, -0.0, 0.999904, 0.015935, 0.374726, -1e-06, -0.015936, 0.999839, -0.0, 0.0, 0.0, 0.0, 1.0]
            ]
        },
        {
            "name": "Knee_R",
            "time": [0.0, 0.5333],
            "transform": [
                [1.0, 0.0, -0.0, -0.0, -0.0, 0.00567, -0.999984, 0.374726, -0.0, 0.999984, 0.00567, -0.0, 0.0, 0.0, 0.0, 1.0],
                [1.0, 0.0, -0.0, -0.0, -0.0, 0.00567, -0.999984, 0.374726, -0.0, 0.999984, 0.00567, -0.0, 0.0, 0.0, 0.0, 1.0]
            ]
        },
        {
            "name": "Thigh_L",
            "time": [0.0, 0.1, 0.25, 0.3833, 0.5333],
            "transform": [
                [1.0, -0.0, 0.0, -0.125006, -0.0, -0.999979, 0.006479, -0.002832, 0.0, -0.006479, -0.99998, -1.2e-05, 0.0, 0.0, 0.0, 1.0],
                [1.0, -0.0, 0.0, -0.125006, -0.0, -0.99998, 0.006458, -0.002831, 0.0, -0.006458, -0.99998, -1.2e-05, 0.0, 0.0, 0.0, 1.0],
                [1.0, -0.0, 0.0, -0.125006, -0.0, -0.99998, 0.006458, -0.002831, 0.0, -0.006458, -0.99998, -1.2e-05, 0.0, 0.0, 0.0, 1.0],
                [1.0, -0.0, 0.0, -0.125006, -0.0, -0.99998, 0.006458, -0.002831, 0.0, -0.006458, -0.99998, -1.2e-05, 0.0, 0.0, 0.0, 1.0],
                [1.0, -0.0, 0.0, -0.125006, -0.0, -0.999979, 0.006479, -0.002832, 0.0, -0.006479, -0.99998, -1.2e-05, 0.0, 0.0, 0.0, 1.0]
            ]
        },
        {
            "name": "Leg_L",
            "time": [0.0, 0.1, 0.25, 0.3833, 0.5333],
            "transform": [
                [1.0, -0.0, 1e-06, -0.0, -0.0, 0.999922, 0.012953, 0.374726, -1e-06, -0.012953, 0.999911, -0.0, 0.0, 0.0, 0.0, 1.0],
                [1.0, -0.0, 1e-06, -0.0, -0.0, 0.999922, 0.012912, 0.374726, -1e-06, -0.012912, 0.999912, -0.0, 0.0, 0.0, 0.0, 1.0],
                [1.0, -0.0, 1e-06, -0.0, -0.0, 0.999922, 0.012912, 0.374726, -1e-06, -0.012912, 0.999912, -0.0, 0.0, 0.0, 0.0, 1.0],
                [1.0, -0.0, 1e-06, -0.0, -0.0, 0.999922, 0.012912, 0.374726, -1e-06, -0.012912, 0.999912, -0.0, 0.0, 0.0, 0.0, 1.0],
                [1.0, -0.0, 1e-06, -0.0, -0.0, 0.999922, 0.012953, 0.374726, -1e-06, -0.012953, 0.999911, -0.0, 0.0, 0.0, 0.0, 1.0]
            ]
        },
        {
            "name": "Knee_L",
            "time": [0.0, 0.5333],
            "transform": [
                [1.0, 0.0, -0.0, -0.0, -0.0, 0.00567, -0.999984, 0.374726, -0.0, 0.999984, 0.00567, -0.0, 0.0, 0.0, 0.0, 1.0],
                [1.0, 0.0, -0.0, -0.0, -0.0, 0.00567, -0.999984, 0.374726, -0.0, 0.999984, 0.00567, -0.0, 0.0, 0.0, 0.0, 1.0]
            ]
        },
        {
            "name": "Torso",
            "time": [0.0, 0.1, 0.25, 0.3833, 0.5333],
            "transform": [
                [1.0, 0.0, 0.0, 0.0, 0.0, 1.0, 0.0, 0.05, 0.0, 0.0, 1.0, 0.0, 0.0, 0.0, 0.0, 1.0],
                [1.0, 0.0, 0.0, 0.0, 0.0, 1.0, 0.0, 0.05, 0.0, 0.0, 1.0, 0.0, 0.0, 0.0, 0.0, 1.0],
                [1.0, 0.0, 0.0, 0.0, 0.0, 1.0, 0.0, 0.05, 0.0, 0.0, 1.0, 0.0, 0.0, 0.0, 0.0, 1.0],
                [1.0, 0.0, 0.0, 0.0, 0.0, 1.0, 0.0, 0.05, 0.0, 0.0, 1.0, 0.0, 0.0, 0.0, 0.0, 1.0],
                [1.0, 0.0, 0.0, 0.0, 0.0, 1.0, 0.0, 0.05, 0.0, 0.0, 1.0, 0.0, 0.0, 0.0, 0.0, 1.0]
            ]
        },
        {
            "name": "Chest",
            "time": [0.0, 0.1, 0.25, 0.3833, 0.5333],
            "transform": [
                [0.819152, 0.0, 0.573576, 0.0, -0.148452, 0.965926, 0.212012, 0.3, -0.554032, -0.258819, 0.79124, 0.0, 0.0, 0.0, 0.0, 1.0],
                [1.0, 0.0, 0.0, 0.0, 0.0, 0.965926, 0.258819, 0.3, 0.0, -0.258819, 0.965926, 0.0, 0.0, 0.0, 0.0, 1.0],
                [0.866025, 0.12941, -0.482963, 0.0, 0.043578, 0.942715, 0.330741, 0.3, 0.498097, -0.307477, 0.810775, 0.0, 0.0, 0.0, 0.0, 1.0],
                [1.0, 0.0, 0.0, 0.0, 0.0, 0.965926, 0.258819, 0.3, 0.0, -0.258819, 0.965926, 0.0, 0.0, 0.0, 0.0, 1.0],
                [0.819152, 0.0, 0.573576, 0.0, -0.148452, 0.965926, 0.212012, 0.3, -0.554032, -0.258819, 0.79124, 0.0, 0.0, 0.0, 0.0, 1.0]
            ]
        },
        {
            "name": "Head",
            "time": [0.0, 0.1, 0.25, 0.3833, 0.5333],
            "transform": [
                [0.819152, -0.148453, -0.554033, -0.0, 0.0, 0.965926, -0.258819, 0.4, 0.573577, 0.212012, 0.79124, -0.0, 0.0, 0.0, 0.0, 1.0],
                [1.0, 0.0, 0.0, 0.0, 0.0, 0.965926, -0.258819, 0.4, 0.0, 0.258819, 0.965926, 0.0, 0.0, 0.0, 0.0, 1.0],
                [0.866026, 0.043578, 0.498098, 0.0, 0.12941, 0.942715, -0.307477, 0.4, -0.482963, 0.330741, 0.810776, -0.0, 0.0, 0.0, 0.0, 1.0],
                [1.0, 0.0, 0.0, 0.0, 0.0, 0.965926, -0.258819, 0.4, 0.0, 0.258819, 0.965926, 0.0, 0.0, 0.0, 0.0, 1.0],
                [0.819152, -0.148453, -0.554033, -0.0, 0.0, 0.965926, -0.258819, 0.4, 0.573577, 0.212012, 0.79124, -0.0, 0.0, 0.0, 0.0, 1.0]
            ]
        },
        {
            "name": "Shoulder_R",
            "time": [0.0, 0.1, 0.25, 0.3833, 0.5333],
            "transform": [
                [-0.0, 0.952114, 0.305743, -0.0, -0.0, -0.305743, 0.952114, 0.4, 1.0, 0.0, -0.0, -0.0, 0.0, 0.0, 0.0, 1.0],
                [0.0, 0.952114, 0.305743, 0.0, -0.0, -0.305743, 0.952114, 0.4, 1.0, 0.0, -0.0, 0.0, 0.0, 0.0, 0.0, 1.0],
                [0.0, 0.952114, 0.305743, 0.0, -0.0, -0.305743, 0.952114, 0.4, 1.0, -0.0, -0.0, -0.0, 0.0, 0.0, 0.0, 1.0],
                [0.0, 0.952114, 0.305743, 0.0, -0.0, -0.305743, 0.952114, 0.4, 1.0, 0.0, -0.0, 0.0, 0.0, 0.0, 0.0, 1.0],
                [-0.0, 0.952114, 0.305743, -0.0, -0.0, -0.305743, 0.952114, 0.4, 1.0, 0.0, -0.0, -0.0, 0.0, 0.0, 0.0, 1.0]
            ]
        },
        {
            "name": "Arm_R",
            "time": [0.0, 0.1, 0.25, 0.3833, 0.5333],
            "transform": [
                [0.595704, -0.399372, -0.696884, -0.0, 0.710266, 0.667057, 0.224867, 0.393861, 0.375053, -0.628926, 0.681025, 0.0, 0.0, 0.0, 0.0, 1.0],
                [-0.062355, -0.414722, -0.907813, 0.0, 0.933406, 0.297814, -0.200164, 0.393861, 0.35337, -0.859839, 0.368532, 0.0, 0.0, 0.0, 0.0, 1.0],
                [-0.535061, -0.243933, -0.808834, 0.0, 0.716176, 0.376868, -0.587425, 0.393861, 0.448113, -0.893576, -0.026949, 0.0, 0.0, 0.0, 0.0, 1.0],
                [-0.062355, -0.414722, -0.907813, 0.0, 0.933406, 0.297814, -0.200164, 0.393861, 0.35337, -0.859839, 0.368532, 0.0, 0.0, 0.0, 0.0, 1.0],
                [0.595704, -0.399372, -0.696884, -0.0, 0.710266, 0.667057, 0.224867, 0.393861, 0.375053, -0.628926, 0.681025, 0.0, 0.0, 0.0, 0.0, 1.0]
            ]
        },
        {
            "name": "Hand_R",
            "time": [0.0, 0.1, 0.25, 0.3833, 0.5333],
            "transform": [
                [1.0, -3e-06, 3e-06, 0.0, 3e-06, 0.04833, -0.998819, 0.300002, 3e-06, 0.998845, 0.048329, 0.0, 0.0, 0.0, 0.0, 1.0],
                [1.0, -3e-06, 3e-06, 0.0, 3e-06, 0.237408, -0.9714, 0.300003, 3e-06, 0.971422, 0.237404, -0.0, 0.0, 0.0, 0.0, 1.0],
                [1.0, -3e-06, 3e-06, -0.0, 3e-06, 0.148241, -0.98894, 0.300003, 3e-06, 0.988963, 0.148238, 0.0, 0.0, 0.0, 0.0, 1.0],
                [1.0, -3e-06, 3e-06, 0.0, 3e-06, 0.237408, -0.9714, 0.300003, 3e-06, 0.971422, 0.237404, -0.0, 0.0, 0.0, 0.0, 1.0],
                [1.0, -3e-06, 3e-06, 0.0, 3e-06, 0.04833, -0.998819, 0.300002, 3e-06, 0.998845, 0.048329, 0.0, 0.0, 0.0, 0.0, 1.0]
            ]
        },
        {
            "name": "Tool_R",
            "time": [0.0, 0.1, 0.25, 0.3833, 0.5333],
            "transform": [
                [0.999825, 0.015576, -0.010312, -0.012825, 0.012211, -0.962718, -0.270229, 0.231748, -0.014136, 0.270056, -0.962741, 0.002323, 0.0, 0.0, 0.0, 1.0],
                [0.999825, 0.015576, -0.010312, -0.012825, 0.012211, -0.962719, -0.270229, 0.231748, -0.014136, 0.270056, -0.962741, 0.002323, 0.0, 0.0, 0.0, 1.0],
                [0.999825, 0.015576, -0.010312, -0.012825, 0.012211, -0.962718, -0.270229, 0.231748, -0.014136, 0.270056, -0.962741, 0.002323, 0.0, 0.0, 0.0, 1.0],
                [0.999825, 0.015576, -0.010312, -0.012825, 0.012211, -0.962719, -0.270229, 0.231748, -0.014136, 0.270056, -0.962741, 0.002323, 0.0, 0.0, 0.0, 1.0],
                [0.999825, 0.015576, -0.010312, -0.012825, 0.012211, -0.962718, -0.270229, 0.231748, -0.014136, 0.270056, -0.962741, 0.002323, 0.0, 0.0, 0.0, 1.0]
            ]
        },
        {
            "name": "Elbow_R",
            "time": [0.0, 0.5333],
            "transform": [
                [-1.0, 0.0, -0.0, 0.0, 0.0, 0.003946, -0.999992, 0.441866, -0.0, -0.999992, -0.003946, -0.000693, 0.0, 0.0, 0.0, 1.0],
                [-1.0, 0.0, -0.0, 0.0, 0.0, 0.003946, -0.999992, 0.441866, -0.0, -0.999992, -0.003946, -0.000693, 0.0, 0.0, 0.0, 1.0]
            ]
        },
        {
            "name": "Shoulder_L",
            "time": [0.0, 0.1, 0.25, 0.3833, 0.5333],
            "transform": [
                [0.0, -0.952114, -0.305744, -0.0, 0.0, -0.305743, 0.952114, 0.4, -0.999999, -0.0, 0.0, -0.0, 0.0, 0.0, 0.0, 1.0],
                [-0.0, -0.952114, -0.305743, 0.0, 0.0, -0.305743, 0.952114, 0.4, -0.999999, 0.0, 0.0, 0.0, 0.0, 0.0, 0.0, 1.0],
                [-0.0, -0.952114, -0.305743, 0.0, 0.0, -0.305743, 0.952114, 0.4, -0.999999, 0.0, 0.0, -0.0, 0.0, 0.0, 0.0, 1.0],
                [-0.0, -0.952114, -0.305743, 0.0, 0.0, -0.305743, 0.952114, 0.4, -0.999999, 0.0, 0.0, 0.0, 0.0, 0.0, 0.0, 1.0],
                [0.0, -0.952114, -0.305744, -0.0, 0.0, -0.305743, 0.952114, 0.4, -0.999999, -0.0, 0.0, -0.0, 0.0, 0.0, 0.0, 1.0]
            ]
        },
        {
            "name": "Arm_L",
            "time": [0.0, 0.1, 0.25, 0.3833, 0.5333],
            "transform": [
                [-0.599886, -0.069824, 0.797031, 0.0, -0.651623, 0.620666, -0.436071, 0.39386, -0.464243, -0.780956, -0.417828, -0.0, 0.0, 0.0, 0.0, 1.0],
                [-0.08418, -0.048771, 0.995256, 0.0, -0.915358, 0.398453, -0.057897, 0.39386, -0.39374, -0.915886, -0.078184, -0.0, 0.0, 0.0, 0.0, 1.0],
                [0.27373, 0.450737, 0.84965, 0.0, -0.774332, 0.627269, -0.0833, 0.39386, -0.570508, -0.635108, 0.520725, 0.0, 0.0, 0.0, 0.0, 1.0],
                [-0.08418, -0.048771, 0.995256, 0.0, -0.915358, 0.398453, -0.057897, 0.39386, -0.39374, -0.915886, -0.078184, -0.0, 0.0, 0.0, 0.0, 1.0],
                [-0.599886, -0.069824, 0.797031, 0.0, -0.651623, 0.620666, -0.436071, 0.39386, -0.464243, -0.780956, -0.417828, -0.0, 0.0, 0.0, 0.0, 1.0]
            ]
        },
        {
            "name": "Hand_L",
            "time": [0.0, 0.1, 0.25, 0.3833, 0.5333],
            "transform": [
                [1.000001, -2e-06, 1e-06, -0.0, 1e-06, 0.484541, -0.874771, 0.300003, 1e-06, 0.874761, 0.484546, -0.0, 0.0, 0.0, 0.0, 1.0],
                [1.000001, 0.0, -0.0, -0.0, -0.0, 0.864154, -0.503225, 0.300003, -0.0, 0.50322, 0.864158, -0.0, 0.0, 0.0, 0.0, 1.0],
                [1.000001, 3e-06, -4e-06, -0.0, -3e-06, 0.006384, -0.999987, 0.300003, -4e-06, 0.999971, 0.006384, -0.0, 0.0, 0.0, 0.0, 1.0],
                [1.000001, 0.0, -0.0, -0.0, -0.0, 0.864154, -0.503225, 0.300003, -0.0, 0.50322, 0.864158, -0.0, 0.0, 0.0, 0.0, 1.0],
                [1.000001, -2e-06, 1e-06, -0.0, 1e-06, 0.484541, -0.874771, 0.300003, 1e-06, 0.874761, 0.484546, -0.0, 0.0, 0.0, 0.0, 1.0]
            ]
        },
        {
            "name": "Tool_L",
            "time": [0.0, 0.5333],
            "transform": [
                [1.0, -0.0, 0.0, -0.0, -0.0, -0.973887, -0.227034, 0.271711, 0.0, 0.227034, -0.973887, -0.028915, 0.0, 0.0, 0.0, 1.0],
                [1.0, -0.0, 0.0, -0.0, -0.0, -0.973887, -0.227034, 0.271711, 0.0, 0.227034, -0.973887, -0.028915, 0.0, 0.0, 0.0, 1.0]
            ]
        },
        {
            "name": "Elbow_L",
            "time": [0.0, 0.5333],
            "transform": [
                [-1.0, 0.0, -0.0, -0.0, 0.0, 0.003946, -0.999992, 0.398995, -0.0, -0.999992, -0.003946, -0.000862, 0.0, 0.0, 0.0, 1.0],
                [-1.0, 0.0, -0.0, -0.0, 0.0, 0.003946, -0.999992, 0.398995, -0.0, -0.999992, -0.003946, -0.000862, 0.0, 0.0, 0.0, 1.0]
            ]
        }
    ]
}