{
    "animation": [
        {
            "name": "Root",
            "time": [0.0, 0.1333, 0.2667, 0.4, 0.5333],
            "transform": [
                [1.0, 0.0, 0.0, -5e-06, 0.0, 0.0, -1.0, 0.000946, 0.0, 1.0, 0.0, 0.763972, 0.0, 0.0, 0.0, 1.0],
                [1.0, 0.0, 0.0, -5e-06, 0.0, 0.0, -1.0, 0.000946, 0.0, 1.0, 0.0, 0.763972, 0.0, 0.0, 0.0, 1.0],
                [1.0, 0.0, 0.0, -5e-06, 0.0, 0.0, -1.0, 0.000946, 0.0, 1.0, 0.0, 0.763972, 0.0, 0.0, 0.0, 1.0],
                [1.0, 0.0, 0.0, -5e-06, 0.0, 0.0, -1.0, 0.000946, 0.0, 1.0, 0.0, 0.763972, 0.0, 0.0, 0.0, 1.0],
                [1.0, 0.0, 0.0, -5e-06, 0.0, 0.0, -1.0, 0.000946, 0.0, 1.0, 0.0, 0.763972, 0.0, 0.0, 0.0, 1.0]
            ]
        },
        {
            "name": "Thigh_R",
            "time": [0.0, 0.1333, 0.2667, 0.4, 0.5333],
            "transform": [
                [1.0, -0.0, 0.0, 0.124994, -0.0, -0.999941, 0.011007, -0.002831, 0.0, -0.011007, -0.999943, -1.2e-05, 0.0, 0.0, 0.0, 1.0],
                [1.0, -0.0, 0.0, 0.124994, -0.0, -0.999941, 0.010931, -0.002831, 0.0, -0.010931, -0.999943, -1.2e-05, 0.0, 0.0, 0.0, 1.0],
                [1.0, -0.0, 0.0, 0.124994, -0.0, -0.99994, 0.011066, -0.002831, 0.0, -0.011066, -0.999942, -1.2e-05, 0.0, 0.0, 0.0, 1.0],
                [1.0, -0.0, 0.0, 0.124994, -0.0, -0.999941, 0.010931, -0.002831, 0.0, -0.010931, -0.999943, -1.2e-05, 0.0, 0.0, 0.0, 1.0],
                [1.0, -0.0, 0.0, 0.124994, -0.0, -0.999941, 0.011007, -0.002831, 0.0, -0.011007, -0.999943, -1.2e-05, 0.0, 0.0, 0.0, 1.0]
            ]
        },
        {
            "name": "Leg_R",
            "time": [0.0, 0.1333, 0.2667, 0.4, 0.5333],
            "transform": [
                [1.0, -0.0, 1e-06, 0.0, -0.0, 0.999841, 0.022002, 0.374726, -1e-06, -0.022006, 0.99966, -0.0, 0.0, 0.0, 0.0, 1.0],
                [1.0, -0.0, 1e-06, 0.0, -0.0, 0.999843, 0.02185, 0.374726, -1e-06, -0.021854, 0.999666, -0.0, 0.0, 0.0, 0.0, 1.0],
                [1.0, -0.0, 1e-06, 0.0, -0.0, 0.99984, 0.022119, 0.374726, -1e-06, -0.022123, 0.999656, -0.0, 0.0, 0.0, 0.0, 1.0],
                [1.0, -0.0, 1e-06, 0.0, -0.0, 0.999843, 0.02185, 0.374726, -1e-06, -0.021854, 0.999666, -0.0, 0.0, 0.0, 0.0, 1.0],
                [1.0, -0.0, 1e-06, 0.0, -0.0, 0.999841, 0.022002, 0.374726, -1e-06, -0.022006, 0.99966, -0.0, 0.0, 0.0, 0.0, 1.0]
            ]
        },
        {
            "name": "Knee_R",
            "time": [0.0, 0.5333],
            "transform": [
                [1.0, 0.0, -0.0, -0.0, -0.0, 0.00567, -0.999984, 0.374726, -0.0, 0.999984, 0.00567, 0.0, 0.0, 0.0, 0.0, 1.0],
                [1.0, 0.0, -0.0, -0.0, -0.0, 0.00567, -0.999984, 0.374726, -0.0, 0.999984, 0.00567, 0.0, 0.0, 0.0, 0.0, 1.0]
            ]
        },
        {
            "name": "Thigh_L",
            "time": [0.0, 0.1333, 0.2667, 0.4, 0.5333],
            "transform": [
                [1.0, -0.0, 0.0, -0.125006, -0.0, -0.999974, 0.007539, -0.002833, 0.0, -0.007539, -0.999974, -1.2e-05, 0.0, 0.0, 0.0, 1.0],
                [1.0, -0.0, 0.0, -0.125006, -0.0, -0.999974, 0.007528, -0.002833, 0.0, -0.007528, -0.999974, -1.2e-05, 0.0, 0.0, 0.0, 1.0],
                [1.0, -0.0, 0.0, -0.125006, -0.0, -0.999974, 0.007543, -0.002833, 0.0, -0.007543, -0.999974, -1.2e-05, 0.0, 0.0, 0.0, 1.0],
                [1.0, -0.0, 0.0, -0.125006, -0.0, -0.999974, 0.007528, -0.002833, 0.0, -0.007528, -0.999974, -1.2e-05, 0.0, 0.0, 0.0, 1.0],
                [1.0, -0.0, 0.0, -0.125006, -0.0, -0.999974, 0.007539, -0.002833, 0.0, -0.007539, -0.999974, -1.2e-05, 0.0, 0.0, 0.0, 1.0]
            ]
        },
        {
            "name": "Leg_L",
            "time": [0.0, 0.1333, 0.2667, 0.4, 0.5333],
            "transform": [
                [1.0, -0.0, 1e-06, -0.0, -0.0, 0.999898, 0.015072, 0.374726, -1e-06, -0.015073, 0.999865, 0.0, 0.0, 0.0, 0.0, 1.0],
                [1.0, -0.0, 1e-06, -0.0, -0.0, 0.999898, 0.015049, 0.374726, -1e-06, -0.01505, 0.999866, -0.0, 0.0, 0.0, 0.0, 1.0],
                [1.0, -0.0, 1e-06, -0.0, -0.0, 0.999898, 0.01508, 0.374726, -1e-06, -0.015081, 0.999865, -0.0, 0.0, 0.0, 0.0, 1.0],
                [1.0, -0.0, 1e-06, -0.0, -0.0, 0.999898, 0.015049, 0.374726, -1e-06, -0.01505, 0.999866, -0.0, 0.0, 0.0, 0.0, 1.0],
                [1.0, -0.0, 1e-06, -0.0, -0.0, 0.999898, 0.015072, 0.374726, -1e-06, -0.015073, 0.999865, 0.0, 0.0, 0.0, 0.0, 1.0]
            ]
        },
        {
            "name": "Knee_L",
            "time": [0.0, 0.5333],
            "transform": [
                [1.0, 0.0, -0.0, -0.0, -0.0, 0.00567, -0.999984, 0.374726, -0.0, 0.999984, 0.00567, -0.0, 0.0, 0.0, 0.0, 1.0],
                [1.0, 0.0, -0.0, -0.0, -0.0, 0.00567, -0.999984, 0.374726, -0.0, 0.999984, 0.00567, -0.0, 0.0, 0.0, 0.0, 1.0]
            ]
        },
        {
            "name": "Torso",
            "time": [0.0, 0.1333, 0.2667, 0.4, 0.5333],
            "transform": [
                [1.0, 0.0, 0.0, 0.0, 0.0, 1.0, 0.0, 0.05, 0.0, 0.0, 1.0, 0.0, 0.0, 0.0, 0.0, 1.0],
                [1.0, 0.0, 0.0, 0.0, 0.0, 1.0, 0.0, 0.05, 0.0, 0.0, 1.0, 0.0, 0.0, 0.0, 0.0, 1.0],
                [1.0, 0.0, 0.0, 0.0, 0.0, 1.0, 0.0, 0.05, 0.0, 0.0, 1.0, 0.0, 0.0, 0.0, 0.0, 1.0],
                [1.0, 0.0, 0.0, 0.0, 0.0, 1.0, 0.0, 0.05, 0.0, 0.0, 1.0, 0.0, 0.0, 0.0, 0.0, 1.0],
                [1.0, 0.0, 0.0, 0.0, 0.0, 1.0, 0.0, 0.05, 0.0, 0.0, 1.0, 0.0, 0.0, 0.0, 0.0, 1.0]
            ]
        },
        {
            "name": "Chest",
            "time": [0.0, 0.1333, 0.2667, 0.4, 0.5333],
            "transform": [
                [0.989644, -0.048834, 0.134981, 0.0, -0.016276, 0.896111, 0.44353, 0.3, -0.142617, -0.441133, 0.886037, 0.0, 0.0, 0.0, 0.0, 1.0],
                [0.928042, 0.054794, -0.368423, 0.0, 0.116716, 0.896525, 0.42734, 0.3, 0.353716, -0.439591, 0.825618, 0.0, 0.0, 0.0, 0.0, 1.0],
                [0.61884, 0.165672, -0.767847, 0.0, 0.27327, 0.871042, 0.408177, 0.3, 0.736451, -0.462426, 0.493763, 0.0, 0.0, 0.0, 0.0, 1.0],
                [0.928042, 0.054794, -0.368423, 0.0, 0.116716, 0.896525, 0.42734, 0.3, 0.353716, -0.439591, 0.825618, 0.0, 0.0, 0.0, 0.0, 1.0],
                [0.989644, -0.048834, 0.134981, 0.0, -0.016276, 0.896111, 0.44353, 0.3, -0.142617, -0.441133, 0.886037, 0.0, 0.0, 0.0, 0.0, 1.0]
            ]
        },
        {
            "name": "Head",
            "time": [0.0, 0.1333, 0.2667, 0.4, 0.5333],
            "transform": [
                [0.989513, -0.02565, -0.142153, 0.0, -0.04029, 0.896042, -0.442139, 0.4, 0.138716, 0.44323, 0.885611, 0.0, 0.0, 0.0, 0.0, 1.0],
                [0.928933, 0.108457, 0.354007, -0.0, 0.063337, 0.895492, -0.44055, 0.4, -0.364791, 0.431663, 0.824982, -0.0, 0.0, 0.0, 0.0, 1.0],
                [0.621034, 0.268306, 0.73643, 0.0, 0.173983, 0.868952, -0.463307, 0.4, -0.76423, 0.415856, 0.492968, 0.0, 0.0, 0.0, 0.0, 1.0],
                [0.928933, 0.108457, 0.354007, -0.0, 0.063337, 0.895492, -0.44055, 0.4, -0.364791, 0.431663, 0.824982, -0.0, 0.0, 0.0, 0.0, 1.0],
                [0.989513, -0.02565, -0.142153, 0.0, -0.04029, 0.896042, -0.442139, 0.4, 0.138716, 0.44323, 0.885611, 0.0, 0.0, 0.0, 0.0, 1.0]
            ]
        },
        {
            "name": "Shoulder_R",
            "time": [0.0, 0.1333, 0.2667, 0.4, 0.5333],
            "transform": [
                [-0.0, 0.952115, 0.305744, 0.0, 0.0, -0.305744, 0.952115, 0.4, 1.000001, 0.0, 0.0, 0.0, 0.0, 0.0, 0.0, 1.0],
                [-0.0, 0.952115, 0.305744, -0.0, 0.0, -0.305743, 0.952115, 0.4, 1.000001, 0.0, -0.0, -0.0, 0.0, 0.0, 0.0, 1.0],
                [-0.0, 0.952115, 0.305744, 0.0, 0.0, -0.305743, 0.952115, 0.4, 1.000001, 0.0, 0.0, 0.0, 0.0, 0.0, 0.0, 1.0],
                [-0.0, 0.952115, 0.305744, -0.0, 0.0, -0.305743, 0.952115, 0.4, 1.000001, 0.0, -0.0, -0.0, 0.0, 0.0, 0.0, 1.0],
                [-0.0, 0.952115, 0.305744, 0.0, 0.0, -0.305744, 0.952115, 0.4, 1.000001, 0.0, 0.0, 0.0, 0.0, 0.0, 0.0, 1.0]
            ]
        },
        {
            "name": "Arm_R",
            "time": [0.0, 0.1333, 0.2667, 0.4, 0.5333],
            "transform": [
                [-0.54909, -0.431817, -0.715573, -0.0, 0.526863, 0.485804, -0.697437, 0.393861, 0.64879, -0.759967, -0.039241, -0.0, 0.0, 0.0, 0.0, 1.0],
                [-0.565807, -0.570307, -0.595504, -0.0, 0.50965, 0.325857, -0.796291, 0.39386, 0.648175, -0.754049, 0.106283, 0.0, 0.0, 0.0, 0.0, 1.0],
                [-0.659907, -0.738189, -0.140072, 0.0, 0.322054, -0.109465, -0.940373, 0.39386, 0.678835, -0.665672, 0.309969, -0.0, 0.0, 0.0, 0.0, 1.0],
                [-0.565807, -0.570307, -0.595504, -0.0, 0.50965, 0.325857, -0.796291, 0.39386, 0.648175, -0.754049, 0.106283, 0.0, 0.0, 0.0, 0.0, 1.0],
                [-0.54909, -0.431817, -0.715573, -0.0, 0.526863, 0.485804, -0.697437, 0.393861, 0.64879, -0.759967, -0.039241, -0.0, 0.0, 0.0, 0.0, 1.0]
            ]
        },
        {
            "name": "Hand_R",
            "time": [0.0, 0.1333, 0.2667, 0.4, 0.5333],
            "transform": [
                [0.999999, -2e-06, 2e-06, -0.0, 2e-06, -0.085938, -0.996128, 0.300003, 2e-06, 0.99645, -0.085912, -0.0, 0.0, 0.0, 0.0, 1.0],
                [0.999999, -5e-06, 5e-06, 0.0, 5e-06, -0.017789, -0.999677, 0.300003, 5e-06, 0.999982, -0.017783, -0.0, 0.0, 0.0, 0.0, 1.0],
                [0.999998, -3e-06, 2e-06, -0.0, 3e-06, 0.519623, -0.854286, 0.300003, 2e-06, 0.854576, 0.51946, 0.0, 0.0, 0.0, 0.0, 1.0],
                [0.999999, -5e-06, 5e-06, 0.0, 5e-06, -0.017789, -0.999677, 0.300003, 5e-06, 0.999982, -0.017783, -0.0, 0.0, 0.0, 0.0, 1.0],
                [0.999999, -2e-06, 2e-06, -0.0, 2e-06, -0.085938, -0.996128, 0.300003, 2e-06, 0.99645, -0.085912, -0.0, 0.0, 0.0, 0.0, 1.0]
            ]
        },
        {
            "name": "Tool_R",
            "time": [0.0, 0.1333, 0.2667, 0.4, 0.5333],
            "transform": [
                [0.927555, 0.372402, -0.030978, -0.040624, -0.019874, -0.033619, -0.999238, 0.221329, -0.37316, 0.927463, -0.023782, -0.029314, 0.0, 0.0, 0.0, 1.0],
                [0.927555, 0.372402, -0.030978, -0.040623, -0.019874, -0.033619, -0.999238, 0.221329, -0.37316, 0.927463, -0.023782, -0.029314, 0.0, 0.0, 0.0, 1.0],
                [0.927555, 0.372402, -0.030978, -0.040623, -0.019874, -0.033619, -0.999238, 0.221329, -0.37316, 0.927463, -0.023782, -0.029314, 0.0, 0.0, 0.0, 1.0],
                [0.927555, 0.372402, -0.030978, -0.040623, -0.019874, -0.033619, -0.999238, 0.221329, -0.37316, 0.927463, -0.023782, -0.029314, 0.0, 0.0, 0.0, 1.0],
                [0.927555, 0.372402, -0.030978, -0.040624, -0.019874, -0.033619, -0.999238, 0.221329, -0.37316, 0.927463, -0.023782, -0.029314, 0.0, 0.0, 0.0, 1.0]
            ]
        },
        {
            "name": "Elbow_R",
            "time": [0.0, 0.5333],
            "transform": [
                [-1.0, 0.0, -0.0, -0.0, 0.0, 0.003946, -0.999992, 0.447206, -0.0, -0.999992, -0.003946, -0.000671, 0.0, 0.0, 0.0, 1.0],
                [-1.0, 0.0, -0.0, -0.0, 0.0, 0.003946, -0.999992, 0.447206, -0.0, -0.999992, -0.003946, -0.000671, 0.0, 0.0, 0.0, 1.0]
            ]
        },
        {
            "name": "Shoulder_L",
            "time": [0.0, 0.1333, 0.2667, 0.4, 0.5333],
            "transform": [
                [0.0, -0.952114, -0.305744, 0.0, 0.0, -0.305744, 0.952114, 0.4, -1.0, -0.0, -0.0, 0.0, 0.0, 0.0, 0.0, 1.0],
                [0.0, -0.952114, -0.305744, -0.0, 0.0, -0.305744, 0.952114, 0.4, -1.0, -0.0, -0.0, -0.0, 0.0, 0.0, 0.0, 1.0],
                [0.0, -0.952114, -0.305744, 0.0, 0.0, -0.305744, 0.952114, 0.4, -1.0, -0.0, 0.0, 0.0, 0.0, 0.0, 0.0, 1.0],
                [0.0, -0.952114, -0.305744, -0.0, 0.0, -0.305744, 0.952114, 0.4, -1.0, -0.0, -0.0, -0.0, 0.0, 0.0, 0.0, 1.0],
                [0.0, -0.952114, -0.305744, 0.0, 0.0, -0.305744, 0.952114, 0.4, -1.0, -0.0, -0.0, 0.0, 0.0, 0.0, 0.0, 1.0]
            ]
        },
        {
            "name": "Arm_L",
            "time": [0.0, 0.1333, 0.2667, 0.4, 0.5333],
            "transform": [
                [-0.408419, 0.874749, -0.260771, 0.0, -0.058465, -0.310169, -0.948877, 0.39386, -0.910907, -0.372299, 0.177822, -0.0, 0.0, 0.0, 0.0, 1.0],
                [-0.319492, 0.946754, 0.039714, 0.0, -0.208271, -0.029276, -0.977628, 0.393861, -0.924405, -0.32062, 0.206537, -0.0, 0.0, 0.0, 0.0, 1.0],
                [-0.170709, 0.789393, 0.58967, -0.0, -0.479909, 0.456058, -0.749458, 0.39386, -0.860535, -0.410932, 0.300987, -0.0, 0.0, 0.0, 0.0, 1.0],
                [-0.319492, 0.946754, 0.039714, 0.0, -0.208271, -0.029276, -0.977628, 0.393861, -0.924405, -0.32062, 0.206537, -0.0, 0.0, 0.0, 0.0, 1.0],
                [-0.408419, 0.874749, -0.260771, 0.0, -0.058465, -0.310169, -0.948877, 0.39386, -0.910907, -0.372299, 0.177822, -0.0, 0.0, 0.0, 0.0, 1.0]
            ]
        },
        {
            "name": "Hand_L",
            "time": [0.0, 0.1333, 0.2667, 0.4, 0.5333],
            "transform": [
                [1.000003, -2e-06, 0.0, -0.0, 1e-06, 0.967205, -0.253988, 0.300002, 0.0, 0.253988, 0.967213, 0.0, 0.0, 0.0, 0.0, 1.0],
                [1.000003, 2e-06, -1e-06, -0.0, -2e-06, 0.740061, -0.672538, 0.300002, -1e-06, 0.672537, 0.740067, 0.0, 0.0, 0.0, 0.0, 1.0],
                [1.000003, -3e-06, 2e-06, -0.0, 3e-06, 0.438371, -0.898792, 0.300003, 2e-06, 0.898799, 0.43837, 0.0, 0.0, 0.0, 0.0, 1.0],
                [1.000003, 2e-06, -1e-06, -0.0, -2e-06, 0.740061, -0.672538, 0.300002, -1e-06, 0.672537, 0.740067, 0.0, 0.0, 0.0, 0.0, 1.0],
                [1.000003, -2e-06, 0.0, -0.0, 1e-06, 0.967205, -0.253988, 0.300002, 0.0, 0.253988, 0.967213, 0.0, 0.0, 0.0, 0.0, 1.0]
            ]
        },
        {
            "name": "Tool_L",
            "time": [0.0, 0.5333],
            "transform": [
                [1.0, -0.0, 0.0, -0.0, -0.0, -0.973887, -0.227034, 0.271711, 0.0, 0.227034, -0.973887, -0.028915, 0.0, 0.0, 0.0, 1.0],
                [1.0, -0.0, 0.0, -0.0, -0.0, -0.973887, -0.227034, 0.271711, 0.0, 0.227034, -0.973887, -0.028915, 0.0, 0.0, 0.0, 1.0]
            ]
        },
        {
            "name": "Elbow_L",
            "time": [0.0, 0.5333],
            "transform": [
                [-1.0, 0.0, -0.0, -0.0, 0.0, 0.003946, -0.999992, 0.323263, -0.0, -0.999993, -0.003946, -0.001161, 0.0, 0.0, 0.0, 1.0],
                [-1.0, 0.0, -0.0, -0.0, 0.0, 0.003946, -0.999992, 0.323263, -0.0, -0.999993, -0.003946, -0.001161, 0.0, 0.0, 0.0, 1.0]
            ]
        }
    ]
}