{
    "animation": [
        {
            "name": "Root",
            "time": [0.0, 0.1333, 0.2667, 0.4, 0.5333],
            "transform": [
                [1.0, 0.0, 0.0, -5e-06, 0.0, 0.0, -1.0, 0.000946, 0.0, 1.0, 0.0, 0.763972, 0.0, 0.0, 0.0, 1.0],
                [1.0, 0.0, 0.0, -5e-06, 0.0, 0.0, -1.0, 0.000946, 0.0, 1.0, 0.0, 0.763972, 0.0, 0.0, 0.0, 1.0],
                [1.0, 0.0, 0.0, -5e-06, 0.0, 0.0, -1.0, 0.000946, 0.0, 1.0, 0.0, 0.763972, 0.0, 0.0, 0.0, 1.0],
                [1.0, 0.0, 0.0, -5e-06, 0.0, 0.0, -1.0, 0.000946, 0.0, 1.0, 0.0, 0.763972, 0.0, 0.0, 0.0, 1.0],
                [1.0, 0.0, 0.0, -5e-06, 0.0, 0.0, -1.0, 0.000946, 0.0, 1.0, 0.0, 0.763972, 0.0, 0.0, 0.0, 1.0]
            ]
        },
        {
            "name": "Thigh_R",
            "time": [0.0, 0.1333, 0.2667, 0.4, 0.5333],
            "transform": [
                [1.0, -0.0, 0.0, 0.124994, -0.0, -0.999963, 0.008634, -0.002831, 0.0, -0.008634, -0.999965, -1.2e-05, 0.0, 0.0, 0.0, 1.0],
                [1.0, -0.0, 0.0, 0.124994, -0.0, -0.999964, 0.008527, -0.002831, 0.0, -0.008528, -0.999966, -1.2e-05, 0.0, 0.0, 0.0, 1.0],
                [1.0, -0.0, 0.0, 0.124994, -0.0, -0.999958, 0.009242, -0.002831, 0.0, -0.009242, -0.999959, -1.2e-05, 0.0, 0.0, 0.0, 1.0],
                [1.0, -0.0, 0.0, 0.124994, -0.0, -0.999964, 0.008527, -0.002831, 0.0, -0.008528, -0.999966, -1.2e-05, 0.0, 0.0, 0.0, 1.0],
                [1.0, -0.0, 0.0, 0.124994, -0.0, -0.999963, 0.008634, -0.002831, 0.0, -0.008634, -0.999965, -1.2e-05, 0.0, 0.0, 0.0, 1.0]
            ]
        },
        {
            "name": "Leg_R",
            "time": [0.0, 0.1333, 0.2667, 0.4, 0.5333],
            "transform": [
                [1.0, -0.0, 1e-06, 0.0, -0.0, 0.999893, 0.01726, 0.374726, -1e-06, -0.017262, 0.999803, 0.0, 0.0, 0.0, 0.0, 1.0],
                [1.0, -0.0, 1e-06, 0.0, -0.0, 0.999895, 0.017047, 0.374726, -1e-06, -0.017048, 0.999809, 0.0, 0.0, 0.0, 0.0, 1.0],
                [1.0, -0.0, 1e-06, -0.0, -0.0, 0.99988, 0.018475, 0.374726, -1e-06, -0.018477, 0.99977, -0.0, 0.0, 0.0, 0.0, 1.0],
                [1.0, -0.0, 1e-06, 0.0, -0.0, 0.999895, 0.017047, 0.374726, -1e-06, -0.017048, 0.999809, 0.0, 0.0, 0.0, 0.0, 1.0],
                [1.0, -0.0, 1e-06, 0.0, -0.0, 0.999893, 0.01726, 0.374726, -1e-06, -0.017262, 0.999803, 0.0, 0.0, 0.0, 0.0, 1.0]
            ]
        },
        {
            "name": "Knee_R",
            "time": [0.0, 0.5333],
            "transform": [
                [1.0, 0.0, -0.0, -0.0, -0.0, 0.00567, -0.999984, 0.374726, -0.0, 0.999984, 0.00567, 0.0, 0.0, 0.0, 0.0, 1.0],
                [1.0, 0.0, -0.0, -0.0, -0.0, 0.00567, -0.999984, 0.374726, -0.0, 0.999984, 0.00567, 0.0, 0.0, 0.0, 0.0, 1.0]
            ]
        },
        {
            "name": "Thigh_L",
            "time": [0.0, 0.1333, 0.2667, 0.4, 0.5333],
            "transform": [
                [1.0, -0.0, 0.0, -0.125006, -0.0, -0.999978, 0.006709, -0.002832, 0.0, -0.006709, -0.999979, -1.2e-05, 0.0, 0.0, 0.0, 1.0],
                [1.0, -0.0, 0.0, -0.125006, -0.0, -0.999978, 0.006655, -0.002832, 0.0, -0.006655, -0.999979, -1.2e-05, 0.0, 0.0, 0.0, 1.0],
                [1.0, -0.0, 0.0, -0.125006, -0.0, -0.999976, 0.007041, -0.002832, 0.0, -0.007041, -0.999977, -1.2e-05, 0.0, 0.0, 0.0, 1.0],
                [1.0, -0.0, 0.0, -0.125006, -0.0, -0.999978, 0.006655, -0.002832, 0.0, -0.006655, -0.999979, -1.2e-05, 0.0, 0.0, 0.0, 1.0],
                [1.0, -0.0, 0.0, -0.125006, -0.0, -0.999978, 0.006709, -0.002832, 0.0, -0.006709, -0.999979, -1.2e-05, 0.0, 0.0, 0.0, 1.0]
            ]
        },
        {
            "name": "Leg_L",
            "time": [0.0, 0.1333, 0.2667, 0.4, 0.5333],
            "transform": [
                [1.0, -0.0, 1e-06, -0.0, -0.0, 0.999918, 0.013412, 0.374726, -1e-06, -0.013413, 0.9999, -0.0, 0.0, 0.0, 0.0, 1.0],
                [1.0, -0.0, 1e-06, -0.0, -0.0, 0.999919, 0.013304, 0.374726, -1e-06, -0.013304, 0.999903, -0.0, 0.0, 0.0, 0.0, 1.0],
                [1.0, -0.0, 1e-06, -0.0, -0.0, 0.999912, 0.014075, 0.374726, -1e-06, -0.014076, 0.999887, -0.0, 0.0, 0.0, 0.0, 1.0],
                [1.0, -0.0, 1e-06, -0.0, -0.0, 0.999919, 0.013304, 0.374726, -1e-06, -0.013304, 0.999903, -0.0, 0.0, 0.0, 0.0, 1.0],
                [1.0, -0.0, 1e-06, -0.0, -0.0, 0.999918, 0.013412, 0.374726, -1e-06, -0.013413, 0.9999, -0.0, 0.0, 0.0, 0.0, 1.0]
            ]
        },
        {
            "name": "Knee_L",
            "time": [0.0, 0.5333],
            "transform": [
                [1.0, 0.0, -0.0, -0.0, -0.0, 0.00567, -0.999984, 0.374726, -0.0, 0.999984, 0.00567, -0.0, 0.0, 0.0, 0.0, 1.0],
                [1.0, 0.0, -0.0, -0.0, -0.0, 0.00567, -0.999984, 0.374726, -0.0, 0.999984, 0.00567, -0.0, 0.0, 0.0, 0.0, 1.0]
            ]
        },
        {
            "name": "Torso",
            "time": [0.0, 0.1333, 0.2667, 0.4, 0.5333],
            "transform": [
                [1.0, 0.0, 0.0, 0.0, 0.0, 1.0, 0.0, 0.05, 0.0, 0.0, 1.0, 0.0, 0.0, 0.0, 0.0, 1.0],
                [1.0, 0.0, 0.0, 0.0, 0.0, 1.0, 0.0, 0.05, 0.0, 0.0, 1.0, 0.0, 0.0, 0.0, 0.0, 1.0],
                [1.0, 0.0, 0.0, 0.0, 0.0, 1.0, 0.0, 0.05, 0.0, 0.0, 1.0, 0.0, 0.0, 0.0, 0.0, 1.0],
                [1.0, 0.0, 0.0, 0.0, 0.0, 1.0, 0.0, 0.05, 0.0, 0.0, 1.0, 0.0, 0.0, 0.0, 0.0, 1.0],
                [1.0, 0.0, 0.0, 0.0, 0.0, 1.0, 0.0, 0.05, 0.0, 0.0, 1.0, 0.0, 0.0, 0.0, 0.0, 1.0]
            ]
        },
        {
            "name": "Chest",
            "time": [0.0, 0.1333, 0.2667, 0.4, 0.5333],
            "transform": [
                [0.828319, -0.070426, 0.555812, 0.0, -0.102273, 0.956391, 0.273599, 0.3, -0.550842, -0.283472, 0.784995, 0.0, 0.0, 0.0, 0.0, 1.0],
                [0.986537, 0.011844, 0.163106, 0.0, -0.058884, 0.956201, 0.286725, 0.3, -0.152566, -0.292469, 0.944026, 0.0, 0.0, 0.0, 0.0, 1.0],
                [0.899641, 0.101947, -0.424561, 0.0, -0.015112, 0.979047, 0.203071, 0.3, 0.436368, -0.176275, 0.882332, 0.0, 0.0, 0.0, 0.0, 1.0],
                [0.986537, 0.011844, 0.163106, 0.0, -0.058884, 0.956201, 0.286725, 0.3, -0.152566, -0.292469, 0.944026, 0.0, 0.0, 0.0, 0.0, 1.0],
                [0.828319, -0.070426, 0.555812, 0.0, -0.102273, 0.956391, 0.273599, 0.3, -0.550842, -0.283472, 0.784995, 0.0, 0.0, 0.0, 0.0, 1.0]
            ]
        },
        {
            "name": "Head",
            "time": [0.0, 0.1333, 0.2667, 0.4, 0.5333],
            "transform": [
                [0.830129, -0.102273, -0.548112, -0.0, -0.069492, 0.956391, -0.283703, 0.4, 0.553224, 0.273599, 0.786821, 0.0, 0.0, 0.0, 0.0, 1.0],
                [0.987034, -0.058884, -0.149318, 0.0, 0.012807, 0.956201, -0.292429, 0.4, 0.159997, 0.286725, 0.944558, 0.0, 0.0, 0.0, 0.0, 1.0],
                [0.8982, -0.015112, 0.439328, -0.0, 0.102527, 0.979048, -0.175938, 0.4, -0.427464, 0.203071, 0.88093, 0.0, 0.0, 0.0, 0.0, 1.0],
                [0.987034, -0.058884, -0.149318, 0.0, 0.012807, 0.956201, -0.292429, 0.4, 0.159997, 0.286725, 0.944558, 0.0, 0.0, 0.0, 0.0, 1.0],
                [0.830129, -0.102273, -0.548112, -0.0, -0.069492, 0.956391, -0.283703, 0.4, 0.553224, 0.273599, 0.786821, 0.0, 0.0, 0.0, 0.0, 1.0]
            ]
        },
        {
            "name": "Shoulder_R",
            "time": [0.0, 0.1333, 0.2667, 0.4, 0.5333],
            "transform": [
                [0.0, 0.952114, 0.305744, -0.0, 0.0, -0.305743, 0.952115, 0.4, 1.0, -0.0, -0.0, 0.0, 0.0, 0.0, 0.0, 1.0],
                [0.0, 0.952114, 0.305744, 0.0, 0.0, -0.305743, 0.952115, 0.4, 1.0, -0.0, -0.0, 0.0, 0.0, 0.0, 0.0, 1.0],
                [0.0, 0.952114, 0.305744, -0.0, 0.0, -0.305743, 0.952115, 0.4, 1.0, -0.0, -0.0, 0.0, 0.0, 0.0, 0.0, 1.0],
                [0.0, 0.952114, 0.305744, 0.0, 0.0, -0.305743, 0.952115, 0.4, 1.0, -0.0, -0.0, 0.0, 0.0, 0.0, 0.0, 1.0],
                [0.0, 0.952114, 0.305744, -0.0, 0.0, -0.305743, 0.952115, 0.4, 1.0, -0.0, -0.0, 0.0, 0.0, 0.0, 0.0, 1.0]
            ]
        },
        {
            "name": "Arm_R",
            "time": [0.0, 0.1333, 0.2667, 0.4, 0.5333],
            "transform": [
                [-0.422447, -0.500534, -0.755653, 0.0, 0.554704, 0.51657, -0.652276, 0.39386, 0.716832, -0.694714, 0.059425, -0.0, 0.0, 0.0, 0.0, 1.0],
                [-0.571857, -0.359013, -0.737628, 0.0, 0.617683, 0.403288, -0.675153, 0.39386, 0.539865, -0.841709, -0.008867, -0.0, 0.0, 0.0, 0.0, 1.0],
                [-0.767498, -0.568487, -0.296271, 0.0, 0.372491, -0.01934, -0.927838, 0.39386, 0.521735, -0.822468, 0.2266, 0.0, 0.0, 0.0, 0.0, 1.0],
                [-0.571857, -0.359013, -0.737628, 0.0, 0.617683, 0.403288, -0.675153, 0.39386, 0.539865, -0.841709, -0.008867, -0.0, 0.0, 0.0, 0.0, 1.0],
                [-0.422447, -0.500534, -0.755653, 0.0, 0.554704, 0.51657, -0.652276, 0.39386, 0.716832, -0.694714, 0.059425, -0.0, 0.0, 0.0, 0.0, 1.0]
            ]
        },
        {
            "name": "Hand_R",
            "time": [0.0, 0.1333, 0.2667, 0.4, 0.5333],
            "transform": [
                [1.000001, 0.0, 0.0, 0.0, 0.0, 0.015137, -0.999865, 0.300003, -0.0, 0.999906, 0.015136, -0.0, 0.0, 0.0, 0.0, 1.0],
                [1.000001, -3e-06, 3e-06, 0.0, 3e-06, -0.05621, -0.998401, 0.300002, 2e-06, 0.99844, -0.056208, -0.0, 0.0, 0.0, 0.0, 1.0],
                [1.0, -1e-06, 1e-06, -0.0, 1e-06, 0.690018, -0.723794, 0.300003, 0.0, 0.723809, 0.690002, 0.0, 0.0, 0.0, 0.0, 1.0],
                [1.000001, -3e-06, 3e-06, 0.0, 3e-06, -0.05621, -0.998401, 0.300002, 2e-06, 0.99844, -0.056208, -0.0, 0.0, 0.0, 0.0, 1.0],
                [1.000001, 0.0, 0.0, 0.0, 0.0, 0.015137, -0.999865, 0.300003, -0.0, 0.999906, 0.015136, -0.0, 0.0, 0.0, 0.0, 1.0]
            ]
        },
        {
            "name": "Tool_R",
            "time": [0.0, 0.1333, 0.2667, 0.4, 0.5333],
            "transform": [
                [0.996938, 0.072987, -0.028077, -0.015693, 0.075563, -0.991541, 0.10552, 0.253896, -0.020138, -0.107319, -0.994021, -0.007107, 0.0, 0.0, 0.0, 1.0],
                [0.996223, 0.068128, -0.053838, -0.015692, 0.074339, -0.989574, 0.123349, 0.253896, -0.044874, -0.126885, -0.990902, -0.007107, 0.0, 0.0, 0.0, 1.0],
                [0.997746, 0.066793, 0.006421, -0.015692, 0.064839, -0.984323, 0.164021, 0.253896, 0.017276, -0.163236, -0.986436, -0.007107, 0.0, 0.0, 0.0, 1.0],
                [0.996223, 0.068128, -0.053838, -0.015692, 0.074339, -0.989574, 0.123349, 0.253896, -0.044874, -0.126885, -0.990902, -0.007107, 0.0, 0.0, 0.0, 1.0],
                [0.996938, 0.072987, -0.028077, -0.015693, 0.075563, -0.991541, 0.10552, 0.253896, -0.020138, -0.107319, -0.994021, -0.007107, 0.0, 0.0, 0.0, 1.0]
            ]
        },
        {
            "name": "Elbow_R",
            "time": [0.0, 0.5333],
            "transform": [
                [-1.0, 0.0, -0.0, -0.0, 0.0, 0.003946, -0.999992, 0.444979, -0.0, -0.999992, -0.003946, -0.00068, 0.0, 0.0, 0.0, 1.0],
                [-1.0, 0.0, -0.0, -0.0, 0.0, 0.003946, -0.999992, 0.444979, -0.0, -0.999992, -0.003946, -0.00068, 0.0, 0.0, 0.0, 1.0]
            ]
        },
        {
            "name": "Shoulder_L",
            "time": [0.0, 0.1333, 0.2667, 0.4, 0.5333],
            "transform": [
                [-0.0, -0.952114, -0.305743, -0.0, 0.0, -0.305743, 0.952114, 0.4, -1.0, 0.0, 0.0, 0.0, 0.0, 0.0, 0.0, 1.0],
                [-0.0, -0.952114, -0.305743, 0.0, 0.0, -0.305743, 0.952114, 0.4, -1.0, -0.0, 0.0, 0.0, 0.0, 0.0, 0.0, 1.0],
                [-0.0, -0.952114, -0.305743, -0.0, 0.0, -0.305743, 0.952114, 0.4, -1.0, 0.0, 0.0, 0.0, 0.0, 0.0, 0.0, 1.0],
                [-0.0, -0.952114, -0.305743, 0.0, 0.0, -0.305743, 0.952114, 0.4, -1.0, -0.0, 0.0, 0.0, 0.0, 0.0, 0.0, 1.0],
                [-0.0, -0.952114, -0.305743, -0.0, 0.0, -0.305743, 0.952114, 0.4, -1.0, 0.0, 0.0, 0.0, 0.0, 0.0, 0.0, 1.0]
            ]
        },
        {
            "name": "Arm_L",
            "time": [0.0, 0.1333, 0.2667, 0.4, 0.5333],
            "transform": [
                [-0.491822, 0.855124, -0.163898, -0.0, -0.256446, -0.322155, -0.911289, 0.39386, -0.832069, -0.406159, 0.377739, -0.0, 0.0, 0.0, 0.0, 1.0],
                [-0.428963, 0.903315, 0.001512, 0.0, -0.192013, -0.089546, -0.977297, 0.39386, -0.882675, -0.419512, 0.211862, -0.0, 0.0, 0.0, 0.0, 1.0],
                [-0.472937, 0.459465, 0.751809, -0.0, -0.556271, 0.506003, -0.659178, 0.39386, -0.683291, -0.729955, 0.01628, 0.0, 0.0, 0.0, 0.0, 1.0],
                [-0.428963, 0.903315, 0.001512, 0.0, -0.192013, -0.089546, -0.977297, 0.39386, -0.882675, -0.419512, 0.211862, -0.0, 0.0, 0.0, 0.0, 1.0],
                [-0.491822, 0.855124, -0.163898, -0.0, -0.256446, -0.322155, -0.911289, 0.39386, -0.832069, -0.406159, 0.377739, -0.0, 0.0, 0.0, 0.0, 1.0]
            ]
        },
        {
            "name": "Hand_L",
            "time": [0.0, 0.1333, 0.2667, 0.4, 0.5333],
            "transform": [
                [1.000002, 1e-06, -0.0, 0.0, -1e-06, 0.919095, -0.394012, 0.300002, -0.0, 0.393995, 0.919126, 0.0, 0.0, 0.0, 0.0, 1.0],
                [1.0, 2e-06, -1e-06, 0.0, -2e-06, 0.709387, -0.704825, 0.300003, -1e-06, 0.704803, 0.709403, 0.0, 0.0, 0.0, 0.0, 1.0],
                [1.000001, 3e-06, -2e-06, 0.0, -3e-06, 0.414685, -0.910011, 0.300002, -2e-06, 0.909901, 0.414729, 0.0, 0.0, 0.0, 0.0, 1.0],
                [1.0, 2e-06, -1e-06, 0.0, -2e-06, 0.709387, -0.704825, 0.300003, -1e-06, 0.704803, 0.709403, 0.0, 0.0, 0.0, 0.0, 1.0],
                [1.000002, 1e-06, -0.0, 0.0, -1e-06, 0.919095, -0.394012, 0.300002, -0.0, 0.393995, 0.919126, 0.0, 0.0, 0.0, 0.0, 1.0]
            ]
        },
        {
            "name": "Tool_L",
            "time": [0.0, 0.5333],
            "transform": [
                [1.0, -0.0, 0.0, -0.0, -0.0, -0.973887, -0.227034, 0.271711, 0.0, 0.227034, -0.973887, -0.028915, 0.0, 0.0, 0.0, 1.0],
                [1.0, -0.0, 0.0, -0.0, -0.0, -0.973887, -0.227034, 0.271711, 0.0, 0.227034, -0.973887, -0.028915, 0.0, 0.0, 0.0, 1.0]
            ]
        },
        {
            "name": "Elbow_L",
            "time": [0.0, 0.5333],
            "transform": [
                [-1.0, 0.0, -0.0, -0.0, 0.0, 0.003946, -0.999992, 0.337149, -0.0, -0.999993, -0.003946, -0.001106, 0.0, 0.0, 0.0, 1.0],
                [-1.0, 0.0, -0.0, -0.0, 0.0, 0.003946, -0.999992, 0.337149, -0.0, -0.999993, -0.003946, -0.001106, 0.0, 0.0, 0.0, 1.0]
            ]
        }
    ]
}