{
    "animation": [
        {
            "name": "Root",
            "time": [0.0, 0.1333, 0.2667, 0.4, 0.5333],
            "transform": [
                [1.0, 0.0, 0.0, -5e-06, 0.0, 0.0, -1.0, 0.000946, 0.0, 1.0, 0.0, 0.763972, 0.0, 0.0, 0.0, 1.0],
                [1.0, 0.0, 0.0, -5e-06, 0.0, 0.0, -1.0, 0.000946, 0.0, 1.0, 0.0, 0.763972, 0.0, 0.0, 0.0, 1.0],
                [1.0, 0.0, 0.0, -5e-06, 0.0, 0.0, -1.0, 0.000946, 0.0, 1.0, 0.0, 0.763972, 0.0, 0.0, 0.0, 1.0],
                [1.0, 0.0, 0.0, -5e-06, 0.0, 0.0, -1.0, 0.000946, 0.0, 1.0, 0.0, 0.763972, 0.0, 0.0, 0.0, 1.0],
                [1.0, 0.0, 0.0, -5e-06, 0.0, 0.0, -1.0, 0.000946, 0.0, 1.0, 0.0, 0.763972, 0.0, 0.0, 0.0, 1.0]
            ]
        },
        {
            "name": "Thigh_R",
            "time": [0.0, 0.1333, 0.2667, 0.4, 0.5333],
            "transform": [
                [1.0, -0.0, 0.0, 0.124994, -0.0, -0.999947, 0.01039, -0.002831, 0.0, -0.010391, -0.999949, -1.2e-05, 0.0, 0.0, 0.0, 1.0],
                [1.0, -0.0, 0.0, 0.124994, -0.0, -0.999949, 0.010217, -0.002831, 0.0, -0.010217, -0.999951, -1.2e-05, 0.0, 0.0, 0.0, 1.0],
                [1.0, -0.0, 0.0, 0.124994, -0.0, -0.999949, 0.010217, -0.002831, 0.0, -0.010217, -0.999951, -1.2e-05, 0.0, 0.0, 0.0, 1.0],
                [1.0, -0.0, 0.0, 0.124994, -0.0, -0.999949, 0.010217, -0.002831, 0.0, -0.010217, -0.999951, -1.2e-05, 0.0, 0.0, 0.0, 1.0],
                [1.0, -0.0, 0.0, 0.124994, -0.0, -0.999947, 0.01039, -0.002831, 0.0, -0.010391, -0.999949, -1.2e-05, 0.0, 0.0, 0.0, 1.0]
            ]
        },
        {
            "name": "Leg_R",
            "time": [0.0, 0.1333, 0.2667, 0.4, 0.5333],
            "transform": [
                [1.0, -0.0, 1e-06, 0.0, -0.0, 0.999857, 0.02077, 0.374726, -1e-06, -0.020773, 0.999699, 0.0, 0.0, 0.0, 0.0, 1.0],
                [1.0, -0.0, 1e-06, -0.0, -0.0, 0.999861, 0.020423, 0.374726, -1e-06, -0.020427, 0.999711, 0.0, 0.0, 0.0, 0.0, 1.0],
                [1.0, -0.0, 1e-06, -0.0, -0.0, 0.999861, 0.020423, 0.374726, -1e-06, -0.020427, 0.999711, 0.0, 0.0, 0.0, 0.0, 1.0],
                [1.0, -0.0, 1e-06, -0.0, -0.0, 0.999861, 0.020423, 0.374726, -1e-06, -0.020427, 0.999711, 0.0, 0.0, 0.0, 0.0, 1.0],
                [1.0, -0.0, 1e-06, 0.0, -0.0, 0.999857, 0.02077, 0.374726, -1e-06, -0.020773, 0.999699, 0.0, 0.0, 0.0, 0.0, 1.0]
            ]
        },
        {
            "name": "Knee_R",
            "time": [0.0, 0.5333],
            "transform": [
                [1.0, 0.0, -0.0, 0.0, -0.0, 0.00567, -0.999984, 0.374726, -0.0, 0.999984, 0.00567, 0.0, 0.0, 0.0, 0.0, 1.0],
                [1.0, 0.0, -0.0, 0.0, -0.0, 0.00567, -0.999984, 0.374726, -0.0, 0.999984, 0.00567, 0.0, 0.0, 0.0, 0.0, 1.0]
            ]
        },
        {
            "name": "Thigh_L",
            "time": [0.0, 0.1333, 0.2667, 0.4, 0.5333],
            "transform": [
                [1.0, -0.0, 0.0, -0.125006, -0.0, -0.999974, 0.007445, -0.002833, 0.0, -0.007445, -0.999974, -1.2e-05, 0.0, 0.0, 0.0, 1.0],
                [1.0, -0.0, 0.0, -0.125006, -0.0, -0.999974, 0.007415, -0.002833, 0.0, -0.007415, -0.999975, -1.2e-05, 0.0, 0.0, 0.0, 1.0],
                [1.0, -0.0, 0.0, -0.125006, -0.0, -0.999974, 0.007415, -0.002833, 0.0, -0.007415, -0.999975, -1.2e-05, 0.0, 0.0, 0.0, 1.0],
                [1.0, -0.0, 0.0, -0.125006, -0.0, -0.999974, 0.007415, -0.002833, 0.0, -0.007415, -0.999975, -1.2e-05, 0.0, 0.0, 0.0, 1.0],
                [1.0, -0.0, 0.0, -0.125006, -0.0, -0.999974, 0.007445, -0.002833, 0.0, -0.007445, -0.999974, -1.2e-05, 0.0, 0.0, 0.0, 1.0]
            ]
        },
        {
            "name": "Leg_L",
            "time": [0.0, 0.1333, 0.2667, 0.4, 0.5333],
            "transform": [
                [1.0, -0.0, 1e-06, -0.0, -0.0, 0.999902, 0.014884, 0.374726, -1e-06, -0.014885, 0.999869, 0.0, 0.0, 0.0, 0.0, 1.0],
                [1.0, -0.0, 1e-06, -0.0, -0.0, 0.999902, 0.014824, 0.374726, -1e-06, -0.014825, 0.999871, 0.0, 0.0, 0.0, 0.0, 1.0],
                [1.0, -0.0, 1e-06, -0.0, -0.0, 0.999902, 0.014824, 0.374726, -1e-06, -0.014825, 0.999871, 0.0, 0.0, 0.0, 0.0, 1.0],
                [1.0, -0.0, 1e-06, -0.0, -0.0, 0.999902, 0.014824, 0.374726, -1e-06, -0.014825, 0.999871, 0.0, 0.0, 0.0, 0.0, 1.0],
                [1.0, -0.0, 1e-06, -0.0, -0.0, 0.999902, 0.014884, 0.374726, -1e-06, -0.014885, 0.999869, 0.0, 0.0, 0.0, 0.0, 1.0]
            ]
        },
        {
            "name": "Knee_L",
            "time": [0.0, 0.5333],
            "transform": [
                [1.0, 0.0, -0.0, -0.0, -0.0, 0.00567, -0.999984, 0.374726, -0.0, 0.999984, 0.00567, -0.0, 0.0, 0.0, 0.0, 1.0],
                [1.0, 0.0, -0.0, -0.0, -0.0, 0.00567, -0.999984, 0.374726, -0.0, 0.999984, 0.00567, -0.0, 0.0, 0.0, 0.0, 1.0]
            ]
        },
        {
            "name": "Torso",
            "time": [0.0, 0.1333, 0.2667, 0.4, 0.5333],
            "transform": [
                [1.0, 0.0, 0.0, 0.0, 0.0, 1.0, 0.0, 0.05, 0.0, 0.0, 1.0, 0.0, 0.0, 0.0, 0.0, 1.0],
                [1.0, 0.0, 0.0, 0.0, 0.0, 1.0, 0.0, 0.05, 0.0, 0.0, 1.0, 0.0, 0.0, 0.0, 0.0, 1.0],
                [1.0, 0.0, 0.0, 0.0, 0.0, 1.0, 0.0, 0.05, 0.0, 0.0, 1.0, 0.0, 0.0, 0.0, 0.0, 1.0],
                [1.0, 0.0, 0.0, 0.0, 0.0, 1.0, 0.0, 0.05, 0.0, 0.0, 1.0, 0.0, 0.0, 0.0, 0.0, 1.0],
                [1.0, 0.0, 0.0, 0.0, 0.0, 1.0, 0.0, 0.05, 0.0, 0.0, 1.0, 0.0, 0.0, 0.0, 0.0, 1.0]
            ]
        },
        {
            "name": "Chest",
            "time": [0.0, 0.1333, 0.2667, 0.4, 0.5333],
            "transform": [
                [0.920317, -0.025073, -0.390368, 0.0, 0.193968, 0.895865, 0.399752, 0.3, 0.339694, -0.443618, 0.829344, 0.0, 0.0, 0.0, 0.0, 1.0],
                [0.683932, 0.131046, -0.71768, 0.0, 0.396919, 0.758558, 0.516764, 0.3, 0.612121, -0.638292, 0.466788, 0.0, 0.0, 0.0, 0.0, 1.0],
                [0.583226, 0.141354, -0.799917, 0.0, 0.383464, 0.820203, 0.424526, 0.3, 0.716103, -0.554333, 0.42416, 0.0, 0.0, 0.0, 0.0, 1.0],
                [0.683932, 0.131046, -0.71768, 0.0, 0.396919, 0.758558, 0.516764, 0.3, 0.612121, -0.638292, 0.466788, 0.0, 0.0, 0.0, 0.0, 1.0],
                [0.920317, -0.025073, -0.390368, 0.0, 0.193968, 0.895865, 0.399752, 0.3, 0.339694, -0.443618, 0.829344, 0.0, 0.0, 0.0, 0.0, 1.0]
            ]
        },
        {
            "name": "Head",
            "time": [0.0, 0.1333, 0.2667, 0.4, 0.5333],
            "transform": [
                [0.921936, 0.185762, 0.339896, 0.0, -0.016531, 0.895572, -0.444612, 0.4, -0.386993, 0.404285, 0.828729, 0.0, 0.0, 0.0, 0.0, 1.0],
                [0.68733, 0.391206, 0.611994, -0.0, 0.138388, 0.756601, -0.639065, 0.4, -0.713042, 0.523941, 0.465896, -0.0, 0.0, 0.0, 0.0, 1.0],
                [0.587931, 0.378789, 0.714742, 0.0, 0.148091, 0.818251, -0.55546, 0.4, -0.795241, 0.432419, 0.424979, 0.0, 0.0, 0.0, 0.0, 1.0],
                [0.68733, 0.391206, 0.611994, -0.0, 0.138388, 0.756601, -0.639065, 0.4, -0.713042, 0.523941, 0.465896, -0.0, 0.0, 0.0, 0.0, 1.0],
                [0.921936, 0.185762, 0.339896, 0.0, -0.016531, 0.895572, -0.444612, 0.4, -0.386993, 0.404285, 0.828729, 0.0, 0.0, 0.0, 0.0, 1.0]
            ]
        },
        {
            "name": "Shoulder_R",
            "time": [0.0, 0.1333, 0.2667, 0.4, 0.5333],
            "transform": [
                [-0.0, 0.952115, 0.305744, 0.0, 0.0, -0.305743, 0.952115, 0.4, 1.000001, 0.0, 0.0, 0.0, 0.0, 0.0, 0.0, 1.0],
                [-0.0, 0.952114, 0.305744, -0.0, 0.0, -0.305743, 0.952115, 0.4, 1.0, 0.0, -0.0, -0.0, 0.0, 0.0, 0.0, 1.0],
                [-0.0, 0.952114, 0.305744, 0.0, 0.0, -0.305743, 0.952115, 0.4, 1.000001, 0.0, -0.0, 0.0, 0.0, 0.0, 0.0, 1.0],
                [-0.0, 0.952114, 0.305744, -0.0, 0.0, -0.305743, 0.952115, 0.4, 1.0, 0.0, -0.0, -0.0, 0.0, 0.0, 0.0, 1.0],
                [-0.0, 0.952115, 0.305744, 0.0, 0.0, -0.305743, 0.952115, 0.4, 1.000001, 0.0, 0.0, 0.0, 0.0, 0.0, 0.0, 1.0]
            ]
        },
        {
            "name": "Arm_R",
            "time": [0.0, 0.1333, 0.2667, 0.4, 0.5333],
            "transform": [
                [-0.120863, -0.991534, -0.047655, 0.0, 0.039003, 0.043227, -0.998305, 0.39386, 0.991908, -0.122518, 0.033449, -0.0, 0.0, 0.0, 0.0, 1.0],
                [0.034411, -0.993301, 0.1104, 0.0, 0.038994, -0.109047, -0.993271, 0.393861, 0.998652, 0.038484, 0.03498, -0.0, 0.0, 0.0, 0.0, 1.0],
                [-0.413161, -0.876595, -0.246765, 0.0, 0.323028, 0.112282, -0.939706, 0.39386, 0.851445, -0.467963, 0.236773, 0.0, 0.0, 0.0, 0.0, 1.0],
                [0.034411, -0.993301, 0.1104, 0.0, 0.038994, -0.109047, -0.993271, 0.393861, 0.998652, 0.038484, 0.03498, -0.0, 0.0, 0.0, 0.0, 1.0],
                [-0.120863, -0.991534, -0.047655, 0.0, 0.039003, 0.043227, -0.998305, 0.39386, 0.991908, -0.122518, 0.033449, -0.0, 0.0, 0.0, 0.0, 1.0]
            ]
        },
        {
            "name": "Hand_R",
            "time": [0.0, 0.1333, 0.2667, 0.4, 0.5333],
            "transform": [
                [0.999998, 7e-06, -5e-06, 0.0, -6e-06, 0.292998, -0.956011, 0.300003, -5e-06, 0.956215, 0.292941, -0.0, 0.0, 0.0, 0.0, 1.0],
                [0.999999, 0.0, 0.0, 0.0, 0.0, 0.352202, -0.935843, 0.300002, -0.0, 0.936004, 0.352149, -0.0, 0.0, 0.0, 0.0, 1.0],
                [0.999999, -1.3e-05, 1.7e-05, -0.0, 1.3e-05, -0.235701, -0.971735, 0.300003, 1.7e-05, 0.971907, -0.235663, 0.0, 0.0, 0.0, 0.0, 1.0],
                [0.999999, 0.0, 0.0, 0.0, 0.0, 0.352202, -0.935843, 0.300002, -0.0, 0.936004, 0.352149, -0.0, 0.0, 0.0, 0.0, 1.0],
                [0.999998, 7e-06, -5e-06, 0.0, -6e-06, 0.292998, -0.956011, 0.300003, -5e-06, 0.956215, 0.292941, -0.0, 0.0, 0.0, 0.0, 1.0]
            ]
        },
        {
            "name": "Tool_R",
            "time": [0.0, 0.1333, 0.2667, 0.4, 0.5333],
            "transform": [
                [0.307874, -0.082429, -0.947851, -0.028351, -0.229507, -0.973255, 0.010092, 0.214258, -0.923333, 0.214431, -0.318558, -0.029541, 0.0, 0.0, 0.0, 1.0],
                [0.332767, -0.070785, -0.94035, -0.019133, -0.222667, -0.97488, -0.005412, 0.209013, -0.916345, 0.211185, -0.340169, -0.040096, 0.0, 0.0, 0.0, 1.0],
                [0.764936, 0.131288, -0.630585, 0.022325, -0.18719, -0.891439, -0.412669, 0.198306, -0.616307, 0.433704, -0.657318, -0.054176, 0.0, 0.0, 0.0, 1.0],
                [0.332767, -0.070785, -0.94035, -0.019133, -0.222667, -0.97488, -0.005412, 0.209013, -0.916345, 0.211185, -0.340169, -0.040096, 0.0, 0.0, 0.0, 1.0],
                [0.307874, -0.082429, -0.947851, -0.028351, -0.229507, -0.973255, 0.010092, 0.214258, -0.923333, 0.214431, -0.318558, -0.029541, 0.0, 0.0, 0.0, 1.0]
            ]
        },
        {
            "name": "Elbow_R",
            "time": [0.0, 0.5333],
            "transform": [
                [-1.0, 0.0, -0.0, -0.0, 0.0, 0.003946, -0.999992, 0.418534, -0.0, -0.999992, -0.003946, -0.000785, 0.0, 0.0, 0.0, 1.0],
                [-1.0, 0.0, -0.0, -0.0, 0.0, 0.003946, -0.999992, 0.418534, -0.0, -0.999992, -0.003946, -0.000785, 0.0, 0.0, 0.0, 1.0]
            ]
        },
        {
            "name": "Shoulder_L",
            "time": [0.0, 0.1333, 0.2667, 0.4, 0.5333],
            "transform": [
                [0.0, -0.952114, -0.305743, 0.0, 0.0, -0.305743, 0.952114, 0.4, -1.0, -0.0, -0.0, 0.0, 0.0, 0.0, 0.0, 1.0],
                [0.0, -0.952114, -0.305744, -0.0, 0.0, -0.305744, 0.952114, 0.4, -1.0, -0.0, -0.0, -0.0, 0.0, 0.0, 0.0, 1.0],
                [0.0, -0.952114, -0.305744, 0.0, 0.0, -0.305744, 0.952114, 0.4, -1.0, -0.0, 0.0, 0.0, 0.0, 0.0, 0.0, 1.0],
                [0.0, -0.952114, -0.305744, -0.0, 0.0, -0.305744, 0.952114, 0.4, -1.0, -0.0, -0.0, -0.0, 0.0, 0.0, 0.0, 1.0],
                [0.0, -0.952114, -0.305743, 0.0, 0.0, -0.305743, 0.952114, 0.4, -1.0, -0.0, -0.0, 0.0, 0.0, 0.0, 0.0, 1.0]
            ]
        },
        {
            "name": "Arm_L",
            "time": [0.0, 0.1333, 0.2667, 0.4, 0.5333],
            "transform": [
                [-0.134151, 0.922519, -0.361881, -0.0, -0.322694, -0.385946, -0.864237, 0.39386, -0.936937, 0.000839, 0.349468, 0.0, 0.0, 0.0, 0.0, 1.0],
                [0.283139, 0.867576, -0.40883, 0.0, -0.118262, -0.391439, -0.91257, 0.39386, -0.951749, 0.306736, -0.008231, 0.0, 0.0, 0.0, 0.0, 1.0],
                [0.177421, 0.973966, 0.141106, -0.0, 0.08456, 0.127763, -0.988191, 0.39386, -0.980486, 0.18726, -0.059692, 0.0, 0.0, 0.0, 0.0, 1.0],
                [0.283139, 0.867576, -0.40883, 0.0, -0.118262, -0.391439, -0.91257, 0.39386, -0.951749, 0.306736, -0.008231, 0.0, 0.0, 0.0, 0.0, 1.0],
                [-0.134151, 0.922519, -0.361881, -0.0, -0.322694, -0.385946, -0.864237, 0.39386, -0.936937, 0.000839, 0.349468, 0.0, 0.0, 0.0, 0.0, 1.0]
            ]
        },
        {
            "name": "Hand_L",
            "time": [0.0, 0.1333, 0.2667, 0.4, 0.5333],
            "transform": [
                [1.000004, 1e-06, -0.0, -0.0, -1e-06, 0.979483, -0.201489, 0.300003, -0.0, 0.201485, 0.979502, 0.0, 0.0, 0.0, 0.0, 1.0],
                [1.000003, -1e-06, 0.0, -0.0, 1e-06, 0.974877, -0.222706, 0.300003, 0.0, 0.222703, 0.974896, -0.0, 0.0, 0.0, 0.0, 1.0],
                [1.000003, -3e-06, 2e-06, 0.0, 3e-06, 0.346217, -0.938158, 0.300003, 2e-06, 0.93815, 0.346222, 0.0, 0.0, 0.0, 0.0, 1.0],
                [1.000003, -1e-06, 0.0, -0.0, 1e-06, 0.974877, -0.222706, 0.300003, 0.0, 0.222703, 0.974896, -0.0, 0.0, 0.0, 0.0, 1.0],
                [1.000004, 1e-06, -0.0, -0.0, -1e-06, 0.979483, -0.201489, 0.300003, -0.0, 0.201485, 0.979502, 0.0, 0.0, 0.0, 0.0, 1.0]
            ]
        },
        {
            "name": "Tool_L",
            "time": [0.0, 0.5333],
            "transform": [
                [1.0, -0.0, 0.0, -0.0, -0.0, -0.973887, -0.227034, 0.271711, 0.0, 0.227034, -0.973887, -0.028915, 0.0, 0.0, 0.0, 1.0],
                [1.0, -0.0, 0.0, -0.0, -0.0, -0.973887, -0.227034, 0.271711, 0.0, 0.227034, -0.973887, -0.028915, 0.0, 0.0, 0.0, 1.0]
            ]
        },
        {
            "name": "Elbow_L",
            "time": [0.0, 0.5333],
            "transform": [
                [-1.0, 0.0, -0.0, 0.0, 0.0, 0.003946, -0.999992, 0.31821, -0.0, -0.999993, -0.003946, -0.00118, 0.0, 0.0, 0.0, 1.0],
                [-1.0, 0.0, -0.0, 0.0, 0.0, 0.003946, -0.999992, 0.31821, -0.0, -0.999993, -0.003946, -0.00118, 0.0, 0.0, 0.0, 1.0]
            ]
        }
    ]
}