{
    "animation": [
        {
            "name": "Root",
            "time": [0.0, 0.2, 0.4, 0.6, 0.8],
            "transform": [
                [1.0, 0.0, 0.0, -5e-06, 0.0, 0.0, -1.0, 0.000946, 0.0, 1.0, 0.0, 0.763972, 0.0, 0.0, 0.0, 1.0],
                [1.0, 0.0, 0.0, -5e-06, 0.0, 0.0, -1.0, 0.000946, 0.0, 1.0, 0.0, 0.763972, 0.0, 0.0, 0.0, 1.0],
                [1.0, 0.0, 0.0, -5e-06, 0.0, 0.0, -1.0, 0.000946, 0.0, 1.0, 0.0, 0.763972, 0.0, 0.0, 0.0, 1.0],
                [1.0, 0.0, 0.0, -5e-06, 0.0, 0.0, -1.0, 0.000946, 0.0, 1.0, 0.0, 0.763972, 0.0, 0.0, 0.0, 1.0],
                [1.0, 0.0, 0.0, -5e-06, 0.0, 0.0, -1.0, 0.000946, 0.0, 1.0, 0.0, 0.763972, 0.0, 0.0, 0.0, 1.0]
            ]
        },
        {
            "name": "Thigh_R",
            "time": [0.0, 0.2, 0.4, 0.6, 0.8],
            "transform": [
                [1.0, -0.0, 0.0, 0.124994, -0.0, -0.999947, 0.01039, -0.002831, 0.0, -0.010391, -0.999949, -1.2e-05, 0.0, 0.0, 0.0, 1.0],
                [1.0, -0.0, 0.0, 0.124994, -0.0, -0.999949, 0.010217, -0.002831, 0.0, -0.010217, -0.999951, -1.2e-05, 0.0, 0.0, 0.0, 1.0],
                [1.0, -0.0, 0.0, 0.124994, -0.0, -0.999942, 0.010883, -0.002831, 0.0, -0.010884, -0.999944, -1.2e-05, 0.0, 0.0, 0.0, 1.0],
                [1.0, -0.0, 0.0, 0.124994, -0.0, -0.999949, 0.010217, -0.002831, 0.0, -0.010217, -0.999951, -1.2e-05, 0.0, 0.0, 0.0, 1.0],
                [1.0, -0.0, 0.0, 0.124994, -0.0, -0.999947, 0.01039, -0.002831, 0.0, -0.010391, -0.999949, -1.2e-05, 0.0, 0.0, 0.0, 1.0]
            ]
        },
        {
            "name": "Leg_R",
            "time": [0.0, 0.2, 0.4, 0.6, 0.8],
            "transform": [
                [1.0, -0.0, 1e-06, 0.0, -0.0, 0.999857, 0.02077, 0.374726, -1e-06, -0.020773, 0.999699, 0.0, 0.0, 0.0, 0.0, 1.0],
                [1.0, -0.0, 1e-06, -0.0, -0.0, 0.999861, 0.020423, 0.374726, -1e-06, -0.020427, 0.999711, 0.0, 0.0, 0.0, 0.0, 1.0],
                [1.0, -0.0, 1e-06, 0.0, -0.0, 0.999844, 0.021754, 0.374726, -1e-06, -0.021758, 0.99967, 0.0, 0.0, 0.0, 0.0, 1.0],
                [1.0, -0.0, 1e-06, -0.0, -0.0, 0.999861, 0.020423, 0.374726, -1e-06, -0.020427, 0.999711, 0.0, 0.0, 0.0, 0.0, 1.0],
                [1.0, -0.0, 1e-06, 0.0, -0.0, 0.999857, 0.02077, 0.374726, -1e-06, -0.020773, 0.999699, 0.0, 0.0, 0.0, 0.0, 1.0]
            ]
        },
        {
            "name": "Knee_R",
            "time": [0.0, 0.8],
            "transform": [
                [1.0, 0.0, -0.0, 0.0, -0.0, 0.00567, -0.999984, 0.374726, -0.0, 0.999984, 0.00567, 0.0, 0.0, 0.0, 0.0, 1.0],
                [1.0, 0.0, -0.0, 0.0, -0.0, 0.00567, -0.999984, 0.374726, -0.0, 0.999984, 0.00567, 0.0, 0.0, 0.0, 0.0, 1.0]
            ]
        },
        {
            "name": "Thigh_L",
            "time": [0.0, 0.2, 0.4, 0.6, 0.8],
            "transform": [
                [1.0, -0.0, 0.0, -0.125006, -0.0, -0.999974, 0.007445, -0.002833, 0.0, -0.007445, -0.999974, -1.2e-05, 0.0, 0.0, 0.0, 1.0],
                [1.0, -0.0, 0.0, -0.125006, -0.0, -0.999974, 0.007415, -0.002833, 0.0, -0.007415, -0.999975, -1.2e-05, 0.0, 0.0, 0.0, 1.0],
                [1.0, -0.0, 0.0, -0.125006, -0.0, -0.999974, 0.007573, -0.002833, 0.0, -0.007573, -0.999974, -1.2e-05, 0.0, 0.0, 0.0, 1.0],
                [1.0, -0.0, 0.0, -0.125006, -0.0, -0.999974, 0.007415, -0.002833, 0.0, -0.007415, -0.999975, -1.2e-05, 0.0, 0.0, 0.0, 1.0],
                [1.0, -0.0, 0.0, -0.125006, -0.0, -0.999974, 0.007445, -0.002833, 0.0, -0.007445, -0.999974, -1.2e-05, 0.0, 0.0, 0.0, 1.0]
            ]
        },
        {
            "name": "Leg_L",
            "time": [0.0, 0.2, 0.4, 0.6, 0.8],
            "transform": [
                [1.0, -0.0, 1e-06, -0.0, -0.0, 0.999902, 0.014884, 0.374726, -1e-06, -0.014885, 0.999869, 0.0, 0.0, 0.0, 0.0, 1.0],
                [1.0, -0.0, 1e-06, -0.0, -0.0, 0.999902, 0.014824, 0.374726, -1e-06, -0.014825, 0.999871, 0.0, 0.0, 0.0, 0.0, 1.0],
                [1.0, -0.0, 1e-06, -0.0, -0.0, 0.999898, 0.015139, 0.374726, -1e-06, -0.015139, 0.999863, 0.0, 0.0, 0.0, 0.0, 1.0],
                [1.0, -0.0, 1e-06, -0.0, -0.0, 0.999902, 0.014824, 0.374726, -1e-06, -0.014825, 0.999871, 0.0, 0.0, 0.0, 0.0, 1.0],
                [1.0, -0.0, 1e-06, -0.0, -0.0, 0.999902, 0.014884, 0.374726, -1e-06, -0.014885, 0.999869, 0.0, 0.0, 0.0, 0.0, 1.0]
            ]
        },
        {
            "name": "Knee_L",
            "time": [0.0, 0.8],
            "transform": [
                [1.0, 0.0, -0.0, -0.0, -0.0, 0.00567, -0.999984, 0.374726, -0.0, 0.999984, 0.00567, -0.0, 0.0, 0.0, 0.0, 1.0],
                [1.0, 0.0, -0.0, -0.0, -0.0, 0.00567, -0.999984, 0.374726, -0.0, 0.999984, 0.00567, -0.0, 0.0, 0.0, 0.0, 1.0]
            ]
        },
        {
            "name": "Torso",
            "time": [0.0, 0.2, 0.4, 0.6, 0.8],
            "transform": [
                [1.0, 0.0, 0.0, 0.0, 0.0, 1.0, 0.0, 0.05, 0.0, 0.0, 1.0, 0.0, 0.0, 0.0, 0.0, 1.0],
                [1.0, 0.0, 0.0, 0.0, 0.0, 1.0, 0.0, 0.05, 0.0, 0.0, 1.0, 0.0, 0.0, 0.0, 0.0, 1.0],
                [1.0, 0.0, 0.0, 0.0, 0.0, 1.0, 0.0, 0.05, 0.0, 0.0, 1.0, 0.0, 0.0, 0.0, 0.0, 1.0],
                [1.0, 0.0, 0.0, 0.0, 0.0, 1.0, 0.0, 0.05, 0.0, 0.0, 1.0, 0.0, 0.0, 0.0, 0.0, 1.0],
                [1.0, 0.0, 0.0, 0.0, 0.0, 1.0, 0.0, 0.05, 0.0, 0.0, 1.0, 0.0, 0.0, 0.0, 0.0, 1.0]
            ]
        },
        {
            "name": "Chest",
            "time": [0.0, 0.2, 0.4, 0.6, 0.8],
            "transform": [
                [0.920317, -0.025073, -0.390368, 0.0, 0.193968, 0.895865, 0.399752, 0.3, 0.339694, -0.443618, 0.829344, 0.0, 0.0, 0.0, 0.0, 1.0],
                [0.683932, 0.131046, -0.71768, 0.0, 0.396919, 0.758558, 0.516764, 0.3, 0.612121, -0.638292, 0.466788, 0.0, 0.0, 0.0, 0.0, 1.0],
                [0.583226, 0.141354, -0.799917, 0.0, 0.383464, 0.820203, 0.424526, 0.3, 0.716103, -0.554334, 0.424159, 0.0, 0.0, 0.0, 0.0, 1.0],
                [0.683932, 0.131046, -0.71768, 0.0, 0.396919, 0.758558, 0.516764, 0.3, 0.612121, -0.638292, 0.466788, 0.0, 0.0, 0.0, 0.0, 1.0],
                [0.920317, -0.025073, -0.390368, 0.0, 0.193968, 0.895865, 0.399752, 0.3, 0.339694, -0.443618, 0.829344, 0.0, 0.0, 0.0, 0.0, 1.0]
            ]
        },
        {
            "name": "Head",
            "time": [0.0, 0.2, 0.4, 0.6, 0.8],
            "transform": [
                [0.921936, 0.185762, 0.339896, 0.0, -0.016531, 0.895572, -0.444612, 0.4, -0.386993, 0.404285, 0.828729, 0.0, 0.0, 0.0, 0.0, 1.0],
                [0.68733, 0.391206, 0.611994, -0.0, 0.138388, 0.756601, -0.639065, 0.4, -0.713042, 0.523941, 0.465896, -0.0, 0.0, 0.0, 0.0, 1.0],
                [0.587931, 0.378789, 0.714742, -0.0, 0.148091, 0.818251, -0.55546, 0.4, -0.795241, 0.432419, 0.424979, -0.0, 0.0, 0.0, 0.0, 1.0],
                [0.68733, 0.391206, 0.611994, -0.0, 0.138388, 0.756601, -0.639065, 0.4, -0.713042, 0.523941, 0.465896, -0.0, 0.0, 0.0, 0.0, 1.0],
                [0.921936, 0.185762, 0.339896, 0.0, -0.016531, 0.895572, -0.444612, 0.4, -0.386993, 0.404285, 0.828729, 0.0, 0.0, 0.0, 0.0, 1.0]
            ]
        },
        {
            "name": "Shoulder_R",
            "time": [0.0, 0.2, 0.4, 0.6, 0.8],
            "transform": [
                [-0.0, 0.952115, 0.305744, 0.0, 0.0, -0.305743, 0.952115, 0.4, 1.000001, 0.0, 0.0, 0.0, 0.0, 0.0, 0.0, 1.0],
                [-0.0, 0.952114, 0.305744, -0.0, 0.0, -0.305743, 0.952115, 0.4, 1.0, 0.0, -0.0, -0.0, 0.0, 0.0, 0.0, 1.0],
                [-0.0, 0.952114, 0.305744, -0.0, 0.0, -0.305743, 0.952115, 0.4, 1.000001, 0.0, -0.0, -0.0, 0.0, 0.0, 0.0, 1.0],
                [-0.0, 0.952114, 0.305744, -0.0, 0.0, -0.305743, 0.952115, 0.4, 1.0, 0.0, -0.0, -0.0, 0.0, 0.0, 0.0, 1.0],
                [-0.0, 0.952115, 0.305744, 0.0, 0.0, -0.305743, 0.952115, 0.4, 1.000001, 0.0, 0.0, 0.0, 0.0, 0.0, 0.0, 1.0]
            ]
        },
        {
            "name": "Arm_R",
            "time": [0.0, 0.2, 0.4, 0.6, 0.8],
            "transform": [
                [-0.120863, -0.991534, -0.047655, 0.0, 0.039003, 0.043227, -0.998305, 0.39386, 0.991908, -0.122518, 0.033449, -0.0, 0.0, 0.0, 0.0, 1.0],
                [0.034411, -0.993301, 0.1104, 0.0, 0.038994, -0.109047, -0.993271, 0.393861, 0.998652, 0.038484, 0.03498, -0.0, 0.0, 0.0, 0.0, 1.0],
                [-0.349752, -0.91178, -0.215279, 0.0, 0.232874, 0.137968, -0.962673, 0.39386, 0.907443, -0.38683, 0.164074, -0.0, 0.0, 0.0, 0.0, 1.0],
                [0.034411, -0.993301, 0.1104, 0.0, 0.038994, -0.109047, -0.993271, 0.393861, 0.998652, 0.038484, 0.03498, -0.0, 0.0, 0.0, 0.0, 1.0],
                [-0.120863, -0.991534, -0.047655, 0.0, 0.039003, 0.043227, -0.998305, 0.39386, 0.991908, -0.122518, 0.033449, -0.0, 0.0, 0.0, 0.0, 1.0]
            ]
        },
        {
            "name": "Hand_R",
            "time": [0.0, 0.2, 0.4, 0.6, 0.8],
            "transform": [
                [0.999998, 7e-06, -5e-06, 0.0, -6e-06, 0.292998, -0.956011, 0.300003, -5e-06, 0.956215, 0.292941, -0.0, 0.0, 0.0, 0.0, 1.0],
                [0.999999, 0.0, 0.0, 0.0, 0.0, 0.352202, -0.935843, 0.300002, -0.0, 0.936004, 0.352149, -0.0, 0.0, 0.0, 0.0, 1.0],
                [0.999999, -7e-06, 9e-06, 0.0, 7e-06, -0.235744, -0.971682, 0.300003, 9e-06, 0.971943, -0.235684, -0.0, 0.0, 0.0, 0.0, 1.0],
                [0.999999, 0.0, 0.0, 0.0, 0.0, 0.352202, -0.935843, 0.300002, -0.0, 0.936004, 0.352149, -0.0, 0.0, 0.0, 0.0, 1.0],
                [0.999998, 7e-06, -5e-06, 0.0, -6e-06, 0.292998, -0.956011, 0.300003, -5e-06, 0.956215, 0.292941, -0.0, 0.0, 0.0, 0.0, 1.0]
            ]
        },
        {
            "name": "Tool_R",
            "time": [0.0, 0.2, 0.4, 0.6, 0.8],
            "transform": [
                [0.307876, 0.000496, -0.951428, -0.000844, -0.229504, -0.970431, -0.074772, 0.218817, -0.923333, 0.241376, -0.298658, -0.005113, 0.0, 0.0, 0.0, 1.0],
                [0.336512, -0.147687, -0.930026, -0.02142, -0.211159, -0.974309, 0.078315, 0.216237, -0.9177, 0.17003, -0.359052, -0.019459, 0.0, 0.0, 0.0, 1.0],
                [0.700843, 0.117034, -0.70365, 0.030801, -0.244588, -0.887218, -0.391178, 0.189474, -0.670073, 0.446258, -0.593175, -0.062062, 0.0, 0.0, 0.0, 1.0],
                [0.336512, -0.147687, -0.930026, -0.02142, -0.211159, -0.974309, 0.078315, 0.216237, -0.9177, 0.17003, -0.359052, -0.019459, 0.0, 0.0, 0.0, 1.0],
                [0.307876, 0.000496, -0.951428, -0.000844, -0.229504, -0.970431, -0.074772, 0.218817, -0.923333, 0.241376, -0.298658, -0.005113, 0.0, 0.0, 0.0, 1.0]
            ]
        },
        {
            "name": "Elbow_R",
            "time": [0.0, 0.8],
            "transform": [
                [-1.0, 0.0, -0.0, -0.0, 0.0, 0.003946, -0.999992, 0.418534, -0.0, -0.999992, -0.003946, -0.000785, 0.0, 0.0, 0.0, 1.0],
                [-1.0, 0.0, -0.0, -0.0, 0.0, 0.003946, -0.999992, 0.418534, -0.0, -0.999992, -0.003946, -0.000785, 0.0, 0.0, 0.0, 1.0]
            ]
        },
        {
            "name": "Shoulder_L",
            "time": [0.0, 0.2, 0.4, 0.6, 0.8],
            "transform": [
                [0.0, -0.952114, -0.305743, 0.0, 0.0, -0.305743, 0.952114, 0.4, -1.0, -0.0, -0.0, 0.0, 0.0, 0.0, 0.0, 1.0],
                [0.0, -0.952114, -0.305744, -0.0, 0.0, -0.305744, 0.952114, 0.4, -1.0, -0.0, -0.0, -0.0, 0.0, 0.0, 0.0, 1.0],
                [0.0, -0.952114, -0.305744, -0.0, -0.0, -0.305744, 0.952114, 0.4, -1.0, -0.0, -0.0, -0.0, 0.0, 0.0, 0.0, 1.0],
                [0.0, -0.952114, -0.305744, -0.0, 0.0, -0.305744, 0.952114, 0.4, -1.0, -0.0, -0.0, -0.0, 0.0, 0.0, 0.0, 1.0],
                [0.0, -0.952114, -0.305743, 0.0, 0.0, -0.305743, 0.952114, 0.4, -1.0, -0.0, -0.0, 0.0, 0.0, 0.0, 0.0, 1.0]
            ]
        },
        {
            "name": "Arm_L",
            "time": [0.0, 0.2, 0.4, 0.6, 0.8],
            "transform": [
                [-0.154676, 0.929048, -0.336068, -0.0, -0.422101, -0.369697, -0.827736, 0.39386, -0.893244, 0.013824, 0.449338, 0.0, 0.0, 0.0, 0.0, 1.0],
                [0.267709, 0.895243, -0.356189, 0.0, -0.125322, -0.334187, -0.934134, 0.39386, -0.955304, 0.294718, 0.022728, 0.0, 0.0, 0.0, 0.0, 1.0],
                [0.078897, 0.99261, 0.092202, -0.0, -0.0235, 0.094317, -0.995263, 0.393861, -0.996594, 0.076358, 0.030768, -0.0, 0.0, 0.0, 0.0, 1.0],
                [0.267709, 0.895243, -0.356189, 0.0, -0.125322, -0.334187, -0.934134, 0.39386, -0.955304, 0.294718, 0.022728, 0.0, 0.0, 0.0, 0.0, 1.0],
                [-0.154676, 0.929048, -0.336068, -0.0, -0.422101, -0.369697, -0.827736, 0.39386, -0.893244, 0.013824, 0.449338, 0.0, 0.0, 0.0, 0.0, 1.0]
            ]
        },
        {
            "name": "Hand_L",
            "time": [0.0, 0.2, 0.4, 0.6, 0.8],
            "transform": [
                [1.000004, -1e-06, 0.0, -0.0, 1e-06, 0.978148, -0.20788, 0.300003, 0.0, 0.207877, 0.978166, -0.0, 0.0, 0.0, 0.0, 1.0],
                [1.000004, 1e-06, -0.0, 0.0, -1e-06, 0.948264, -0.317461, 0.300003, -0.0, 0.317457, 0.948282, 0.0, 0.0, 0.0, 0.0, 1.0],
                [1.000003, -6e-06, 4e-06, 0.0, 6e-06, 0.474118, -0.880458, 0.300002, 4e-06, 0.88047, 0.474115, 0.0, 0.0, 0.0, 0.0, 1.0],
                [1.000004, 1e-06, -0.0, 0.0, -1e-06, 0.948264, -0.317461, 0.300003, -0.0, 0.317457, 0.948282, 0.0, 0.0, 0.0, 0.0, 1.0],
                [1.000004, -1e-06, 0.0, -0.0, 1e-06, 0.978148, -0.20788, 0.300003, 0.0, 0.207877, 0.978166, -0.0, 0.0, 0.0, 0.0, 1.0]
            ]
        },
        {
            "name": "Tool_L",
            "time": [0.0, 0.8],
            "transform": [
                [1.0, -0.0, 0.0, -0.0, 0.0, -0.973887, -0.227034, 0.271711, 0.0, 0.227034, -0.973887, -0.028915, 0.0, 0.0, 0.0, 1.0],
                [1.0, -0.0, 0.0, -0.0, 0.0, -0.973887, -0.227034, 0.271711, 0.0, 0.227034, -0.973887, -0.028915, 0.0, 0.0, 0.0, 1.0]
            ]
        },
        {
            "name": "Elbow_L",
            "time": [0.0, 0.8],
            "transform": [
                [-1.0, 0.0, -0.0, -0.0, 0.0, 0.003946, -0.999992, 0.318822, -0.0, -0.999992, -0.003946, -0.001178, 0.0, 0.0, 0.0, 1.0],
                [-1.0, 0.0, -0.0, -0.0, 0.0, 0.003946, -0.999992, 0.318822, -0.0, -0.999992, -0.003946, -0.001178, 0.0, 0.0, 0.0, 1.0]
            ]
        }
    ]
}