{
    "animation": [
        {
            "name": "Root",
            "time": [0.0, 0.2, 0.4, 0.6, 0.8],
            "transform": [
                [1.0, 0.0, 0.0, -5e-06, 0.0, 0.0, -1.0, 0.000946, 0.0, 1.0, 0.0, 0.763972, 0.0, 0.0, 0.0, 1.0],
                [1.0, 0.0, 0.0, -5e-06, 0.0, 0.0, -1.0, 0.000946, 0.0, 1.0, 0.0, 0.763972, 0.0, 0.0, 0.0, 1.0],
                [1.0, 0.0, 0.0, -5e-06, 0.0, 0.0, -1.0, 0.000946, 0.0, 1.0, 0.0, 0.763972, 0.0, 0.0, 0.0, 1.0],
                [1.0, 0.0, 0.0, -5e-06, 0.0, 0.0, -1.0, 0.000946, 0.0, 1.0, 0.0, 0.763972, 0.0, 0.0, 0.0, 1.0],
                [1.0, 0.0, 0.0, -5e-06, 0.0, 0.0, -1.0, 0.000946, 0.0, 1.0, 0.0, 0.763972, 0.0, 0.0, 0.0, 1.0]
            ]
        },
        {
            "name": "Thigh_R",
            "time": [0.0, 0.2, 0.4, 0.6, 0.8],
            "transform": [
                [1.0, -0.0, 0.0, 0.124994, -0.0, -0.999968, 0.007971, -0.002831, 0.0, -0.007971, -0.99997, -1.2e-05, 0.0, 0.0, 0.0, 1.0],
                [1.0, -0.0, 0.0, 0.124994, -0.0, -0.999967, 0.008086, -0.002831, 0.0, -0.008086, -0.999969, -1.2e-05, 0.0, 0.0, 0.0, 1.0],
                [1.0, -0.0, 0.0, 0.124994, -0.0, -0.999965, 0.008294, -0.002831, 0.0, -0.008294, -0.999967, -1.2e-05, 0.0, 0.0, 0.0, 1.0],
                [1.0, -0.0, 0.0, 0.124994, -0.0, -0.999967, 0.008086, -0.002831, 0.0, -0.008086, -0.999969, -1.2e-05, 0.0, 0.0, 0.0, 1.0],
                [1.0, -0.0, 0.0, 0.124994, -0.0, -0.999968, 0.007971, -0.002831, 0.0, -0.007971, -0.99997, -1.2e-05, 0.0, 0.0, 0.0, 1.0]
            ]
        },
        {
            "name": "Leg_R",
            "time": [0.0, 0.2, 0.4, 0.6, 0.8],
            "transform": [
                [1.0, -0.0, 1e-06, -0.0, -0.0, 0.999904, 0.015935, 0.374726, -1e-06, -0.015936, 0.999839, -0.0, 0.0, 0.0, 0.0, 1.0],
                [1.0, -0.0, 1e-06, 0.0, -0.0, 0.999902, 0.016165, 0.374726, -1e-06, -0.016166, 0.999833, -0.0, 0.0, 0.0, 0.0, 1.0],
                [1.0, -0.0, 1e-06, 0.0, -0.0, 0.999899, 0.01658, 0.374726, -1e-06, -0.016582, 0.999821, 0.0, 0.0, 0.0, 0.0, 1.0],
                [1.0, -0.0, 1e-06, 0.0, -0.0, 0.999902, 0.016165, 0.374726, -1e-06, -0.016166, 0.999833, -0.0, 0.0, 0.0, 0.0, 1.0],
                [1.0, -0.0, 1e-06, -0.0, -0.0, 0.999904, 0.015935, 0.374726, -1e-06, -0.015936, 0.999839, -0.0, 0.0, 0.0, 0.0, 1.0]
            ]
        },
        {
            "name": "Knee_R",
            "time": [0.0, 0.8],
            "transform": [
                [1.0, 0.0, -0.0, -0.0, -0.0, 0.00567, -0.999984, 0.374726, -0.0, 0.999984, 0.00567, -0.0, 0.0, 0.0, 0.0, 1.0],
                [1.0, 0.0, -0.0, -0.0, -0.0, 0.00567, -0.999984, 0.374726, -0.0, 0.999984, 0.00567, -0.0, 0.0, 0.0, 0.0, 1.0]
            ]
        },
        {
            "name": "Thigh_L",
            "time": [0.0, 0.2, 0.4, 0.6, 0.8],
            "transform": [
                [1.0, -0.0, 0.0, -0.125006, -0.0, -0.999979, 0.006479, -0.002832, 0.0, -0.006479, -0.99998, -1.2e-05, 0.0, 0.0, 0.0, 1.0],
                [1.0, -0.0, 0.0, -0.125006, -0.0, -0.999979, 0.00649, -0.002832, 0.0, -0.00649, -0.99998, -1.2e-05, 0.0, 0.0, 0.0, 1.0],
                [1.0, -0.0, 0.0, -0.125006, -0.0, -0.999979, 0.006569, -0.002832, 0.0, -0.006569, -0.999979, -1.2e-05, 0.0, 0.0, 0.0, 1.0],
                [1.0, -0.0, 0.0, -0.125006, -0.0, -0.999979, 0.00649, -0.002832, 0.0, -0.00649, -0.99998, -1.2e-05, 0.0, 0.0, 0.0, 1.0],
                [1.0, -0.0, 0.0, -0.125006, -0.0, -0.999979, 0.006479, -0.002832, 0.0, -0.006479, -0.99998, -1.2e-05, 0.0, 0.0, 0.0, 1.0]
            ]
        },
        {
            "name": "Leg_L",
            "time": [0.0, 0.2, 0.4, 0.6, 0.8],
            "transform": [
                [1.0, -0.0, 1e-06, -0.0, -0.0, 0.999922, 0.012953, 0.374726, -1e-06, -0.012953, 0.999911, -0.0, 0.0, 0.0, 0.0, 1.0],
                [1.0, -0.0, 1e-06, -0.0, -0.0, 0.999922, 0.012975, 0.374726, -1e-06, -0.012975, 0.99991, -0.0, 0.0, 0.0, 0.0, 1.0],
                [1.0, -0.0, 1e-06, -0.0, -0.0, 0.99992, 0.013133, 0.374726, -1e-06, -0.013133, 0.999906, -0.0, 0.0, 0.0, 0.0, 1.0],
                [1.0, -0.0, 1e-06, -0.0, -0.0, 0.999922, 0.012975, 0.374726, -1e-06, -0.012975, 0.99991, -0.0, 0.0, 0.0, 0.0, 1.0],
                [1.0, -0.0, 1e-06, -0.0, -0.0, 0.999922, 0.012953, 0.374726, -1e-06, -0.012953, 0.999911, -0.0, 0.0, 0.0, 0.0, 1.0]
            ]
        },
        {
            "name": "Knee_L",
            "time": [0.0, 0.8],
            "transform": [
                [1.0, 0.0, -0.0, -0.0, -0.0, 0.00567, -0.999984, 0.374726, -0.0, 0.999984, 0.00567, -0.0, 0.0, 0.0, 0.0, 1.0],
                [1.0, 0.0, -0.0, -0.0, -0.0, 0.00567, -0.999984, 0.374726, -0.0, 0.999984, 0.00567, -0.0, 0.0, 0.0, 0.0, 1.0]
            ]
        },
        {
            "name": "Torso",
            "time": [0.0, 0.2, 0.4, 0.6, 0.8],
            "transform": [
                [1.0, 0.0, 0.0, 0.0, 0.0, 1.0, 0.0, 0.05, 0.0, 0.0, 1.0, 0.0, 0.0, 0.0, 0.0, 1.0],
                [1.0, 0.0, 0.0, 0.0, 0.0, 1.0, 0.0, 0.05, 0.0, 0.0, 1.0, 0.0, 0.0, 0.0, 0.0, 1.0],
                [1.0, 0.0, 0.0, 0.0, 0.0, 1.0, 0.0, 0.05, 0.0, 0.0, 1.0, 0.0, 0.0, 0.0, 0.0, 1.0],
                [1.0, 0.0, 0.0, 0.0, 0.0, 1.0, 0.0, 0.05, 0.0, 0.0, 1.0, 0.0, 0.0, 0.0, 0.0, 1.0],
                [1.0, 0.0, 0.0, 0.0, 0.0, 1.0, 0.0, 0.05, 0.0, 0.0, 1.0, 0.0, 0.0, 0.0, 0.0, 1.0]
            ]
        },
        {
            "name": "Chest",
            "time": [0.0, 0.2, 0.4, 0.6, 0.8],
            "transform": [
                [0.965926, -0.166366, 0.198267, 0.0, 0.0, 0.766044, 0.642788, 0.3, -0.258819, -0.620885, 0.739942, 0.0, 0.0, 0.0, 0.0, 1.0],
                [1.0, 0.0, 0.0, 0.0, 0.0, 0.819152, 0.573577, 0.3, 0.0, -0.573576, 0.819152, 0.0, 0.0, 0.0, 0.0, 1.0],
                [0.984807, 0.111619, -0.133022, 0.0, -0.004138, 0.780913, 0.624626, 0.3, 0.173599, -0.614586, 0.769511, 0.0, 0.0, 0.0, 0.0, 1.0],
                [1.0, 0.0, 0.0, 0.0, 0.0, 0.819152, 0.573577, 0.3, 0.0, -0.573576, 0.819152, 0.0, 0.0, 0.0, 0.0, 1.0],
                [0.965926, -0.166366, 0.198267, 0.0, 0.0, 0.766044, 0.642788, 0.3, -0.258819, -0.620885, 0.739942, 0.0, 0.0, 0.0, 0.0, 1.0]
            ]
        },
        {
            "name": "Head",
            "time": [0.0, 0.2, 0.4, 0.6, 0.8],
            "transform": [
                [0.965926, 0.0, -0.258819, 0.0, -0.166366, 0.766045, -0.620885, 0.4, 0.198267, 0.642788, 0.739942, -0.0, 0.0, 0.0, 0.0, 1.0],
                [0.999999, 0.000957, 0.001435, 0.0, 5.3e-05, 0.814558, -0.580082, 0.4, -0.001724, 0.580082, 0.814557, 0.0, 0.0, 0.0, 0.0, 1.0],
                [0.984808, -0.004602, 0.173587, 0.0, 0.111619, 0.782552, -0.612498, 0.4, -0.133022, 0.622568, 0.771177, 0.0, 0.0, 0.0, 0.0, 1.0],
                [0.999999, 0.000957, 0.001435, 0.0, 5.3e-05, 0.814558, -0.580082, 0.4, -0.001724, 0.580082, 0.814557, 0.0, 0.0, 0.0, 0.0, 1.0],
                [0.965926, 0.0, -0.258819, 0.0, -0.166366, 0.766045, -0.620885, 0.4, 0.198267, 0.642788, 0.739942, -0.0, 0.0, 0.0, 0.0, 1.0]
            ]
        },
        {
            "name": "Shoulder_R",
            "time": [0.0, 0.2, 0.4, 0.6, 0.8],
            "transform": [
                [0.0, 0.952114, 0.305743, 0.0, 0.0, -0.305743, 0.952114, 0.4, 1.0, -0.0, -0.0, -0.0, 0.0, 0.0, 0.0, 1.0],
                [0.0, 0.952114, 0.305743, 0.0, 0.0, -0.305743, 0.952114, 0.4, 1.0, 0.0, -0.0, 0.0, 0.0, 0.0, 0.0, 1.0],
                [0.0, 0.952114, 0.305743, 0.0, -0.0, -0.305743, 0.952114, 0.4, 1.0, 0.0, -0.0, 0.0, 0.0, 0.0, 0.0, 1.0],
                [0.0, 0.952114, 0.305743, 0.0, 0.0, -0.305743, 0.952114, 0.4, 1.0, 0.0, -0.0, 0.0, 0.0, 0.0, 0.0, 1.0],
                [0.0, 0.952114, 0.305743, 0.0, 0.0, -0.305743, 0.952114, 0.4, 1.0, -0.0, -0.0, -0.0, 0.0, 0.0, 0.0, 1.0]
            ]
        },
        {
            "name": "Arm_R",
            "time": [0.0, 0.2, 0.4, 0.6, 0.8],
            "transform": [
                [0.11209, -0.8246, -0.55451, -0.0, 0.96061, 0.232726, -0.151901, 0.393861, 0.254305, -0.515641, 0.818201, 0.0, 0.0, 0.0, 0.0, 1.0],
                [-0.035628, -0.707239, -0.706084, 0.0, 0.937761, 0.220571, -0.268249, 0.39386, 0.345455, -0.671696, 0.655359, 0.0, 0.0, 0.0, 0.0, 1.0],
                [-0.168429, -0.69756, -0.696457, 0.0, 0.870496, 0.226231, -0.437107, 0.393861, 0.462465, -0.679884, 0.569117, -0.0, 0.0, 0.0, 0.0, 1.0],
                [-0.035628, -0.707239, -0.706084, 0.0, 0.937761, 0.220571, -0.268249, 0.39386, 0.345455, -0.671696, 0.655359, 0.0, 0.0, 0.0, 0.0, 1.0],
                [0.11209, -0.8246, -0.55451, -0.0, 0.96061, 0.232726, -0.151901, 0.393861, 0.254305, -0.515641, 0.818201, 0.0, 0.0, 0.0, 0.0, 1.0]
            ]
        },
        {
            "name": "Hand_R",
            "time": [0.0, 0.2, 0.4, 0.6, 0.8],
            "transform": [
                [1.0, -4e-06, 3e-06, 0.0, 4e-06, 0.253626, -0.967293, 0.300002, 3e-06, 0.967315, 0.253621, 0.0, 0.0, 0.0, 0.0, 1.0],
                [0.999999, -4e-06, 3e-06, -0.0, 4e-06, 0.196368, -0.980514, 0.300003, 3e-06, 0.980547, 0.196363, 0.0, 0.0, 0.0, 0.0, 1.0],
                [1.0, -3e-06, 3e-06, 0.0, 3e-06, 0.126301, -0.991974, 0.300002, 3e-06, 0.992012, 0.126297, 0.0, 0.0, 0.0, 0.0, 1.0],
                [0.999999, -4e-06, 3e-06, -0.0, 4e-06, 0.196368, -0.980514, 0.300003, 3e-06, 0.980547, 0.196363, 0.0, 0.0, 0.0, 0.0, 1.0],
                [1.0, -4e-06, 3e-06, 0.0, 4e-06, 0.253626, -0.967293, 0.300002, 3e-06, 0.967315, 0.253621, 0.0, 0.0, 0.0, 0.0, 1.0]
            ]
        },
        {
            "name": "Tool_R",
            "time": [0.0, 0.2, 0.4, 0.6, 0.8],
            "transform": [
                [0.999825, 0.015576, -0.010312, -0.012825, 0.012211, -0.962719, -0.270229, 0.231748, -0.014136, 0.270056, -0.962741, 0.002323, 0.0, 0.0, 0.0, 1.0],
                [0.999825, 0.015576, -0.010312, -0.012825, 0.012211, -0.962718, -0.270229, 0.231748, -0.014136, 0.270056, -0.962741, 0.002323, 0.0, 0.0, 0.0, 1.0],
                [0.999825, 0.015576, -0.010312, -0.012825, 0.012211, -0.962718, -0.270229, 0.231748, -0.014136, 0.270056, -0.962741, 0.002322, 0.0, 0.0, 0.0, 1.0],
                [0.999825, 0.015576, -0.010312, -0.012825, 0.012211, -0.962718, -0.270229, 0.231748, -0.014136, 0.270056, -0.962741, 0.002323, 0.0, 0.0, 0.0, 1.0],
                [0.999825, 0.015576, -0.010312, -0.012825, 0.012211, -0.962719, -0.270229, 0.231748, -0.014136, 0.270056, -0.962741, 0.002323, 0.0, 0.0, 0.0, 1.0]
            ]
        },
        {
            "name": "Elbow_R",
            "time": [0.0, 0.8],
            "transform": [
                [-1.0, 0.0, -0.0, 0.0, 0.0, 0.003946, -0.999992, 0.422368, -0.0, -0.999992, -0.003946, -0.000769, 0.0, 0.0, 0.0, 1.0],
                [-1.0, 0.0, -0.0, 0.0, 0.0, 0.003946, -0.999992, 0.422368, -0.0, -0.999992, -0.003946, -0.000769, 0.0, 0.0, 0.0, 1.0]
            ]
        },
        {
            "name": "Shoulder_L",
            "time": [0.0, 0.2, 0.4, 0.6, 0.8],
            "transform": [
                [-0.0, -0.952114, -0.305744, 0.0, 0.0, -0.305743, 0.952114, 0.4, -1.0, 0.0, 0.0, -0.0, 0.0, 0.0, 0.0, 1.0],
                [0.0, -0.952114, -0.305743, 0.0, -0.0, -0.305743, 0.952114, 0.4, -0.999999, 0.0, -0.0, 0.0, 0.0, 0.0, 0.0, 1.0],
                [-0.0, -0.952115, -0.305743, 0.0, -0.0, -0.305744, 0.952114, 0.4, -0.999999, 0.0, -0.0, 0.0, 0.0, 0.0, 0.0, 1.0],
                [0.0, -0.952114, -0.305743, 0.0, -0.0, -0.305743, 0.952114, 0.4, -0.999999, 0.0, -0.0, 0.0, 0.0, 0.0, 0.0, 1.0],
                [-0.0, -0.952114, -0.305744, 0.0, 0.0, -0.305743, 0.952114, 0.4, -1.0, 0.0, 0.0, -0.0, 0.0, 0.0, 0.0, 1.0]
            ]
        },
        {
            "name": "Arm_L",
            "time": [0.0, 0.2, 0.4, 0.6, 0.8],
            "transform": [
                [-0.251609, 0.064969, 0.965645, 0.0, -0.832755, 0.493872, -0.250212, 0.39386, -0.493164, -0.8671, -0.070159, 0.0, 0.0, 0.0, 0.0, 1.0],
                [-0.044395, 0.305499, 0.951157, 0.0, -0.912953, 0.374181, -0.162795, 0.39386, -0.40564, -0.875585, 0.262297, -0.0, 0.0, 0.0, 0.0, 1.0],
                [0.061952, 0.529225, 0.846215, -0.0, -0.911539, 0.375328, -0.167999, 0.393861, -0.406519, -0.760946, 0.505664, -0.0, 0.0, 0.0, 0.0, 1.0],
                [-0.044395, 0.305499, 0.951157, 0.0, -0.912953, 0.374181, -0.162795, 0.39386, -0.40564, -0.875585, 0.262297, -0.0, 0.0, 0.0, 0.0, 1.0],
                [-0.251609, 0.064969, 0.965645, 0.0, -0.832755, 0.493872, -0.250212, 0.39386, -0.493164, -0.8671, -0.070159, 0.0, 0.0, 0.0, 0.0, 1.0]
            ]
        },
        {
            "name": "Hand_L",
            "time": [0.0, 0.2, 0.4, 0.6, 0.8],
            "transform": [
                [1.000002, 1e-06, -1e-06, -0.0, -1e-06, 0.543577, -0.839362, 0.300003, -1e-06, 0.839348, 0.543584, 0.0, 0.0, 0.0, 0.0, 1.0],
                [1.000001, 0.0, 0.0, 0.0, -0.0, 0.940982, -0.338452, 0.300003, -0.0, 0.338448, 0.940986, -0.0, 0.0, 0.0, 0.0, 1.0],
                [1.000001, -0.0, -0.0, 0.0, 0.0, 0.628965, -0.777438, 0.300003, -0.0, 0.777413, 0.62898, 0.0, 0.0, 0.0, 0.0, 1.0],
                [1.000001, 0.0, 0.0, 0.0, -0.0, 0.940982, -0.338452, 0.300003, -0.0, 0.338448, 0.940986, -0.0, 0.0, 0.0, 0.0, 1.0],
                [1.000002, 1e-06, -1e-06, -0.0, -1e-06, 0.543577, -0.839362, 0.300003, -1e-06, 0.839348, 0.543584, 0.0, 0.0, 0.0, 0.0, 1.0]
            ]
        },
        {
            "name": "Tool_L",
            "time": [0.0, 0.8],
            "transform": [
                [1.0, -0.0, 0.0, -0.0, -0.0, -0.973887, -0.227034, 0.271711, 0.0, 0.227034, -0.973887, -0.028915, 0.0, 0.0, 0.0, 1.0],
                [1.0, -0.0, 0.0, -0.0, -0.0, -0.973887, -0.227034, 0.271711, 0.0, 0.227034, -0.973887, -0.028915, 0.0, 0.0, 0.0, 1.0]
            ]
        },
        {
            "name": "Elbow_L",
            "time": [0.0, 0.8],
            "transform": [
                [-1.0, 0.0, -0.0, 0.0, 0.0, 0.003946, -0.999992, 0.392542, -0.0, -0.999993, -0.003946, -0.000887, 0.0, 0.0, 0.0, 1.0],
                [-1.0, 0.0, -0.0, 0.0, 0.0, 0.003946, -0.999992, 0.392542, -0.0, -0.999993, -0.003946, -0.000887, 0.0, 0.0, 0.0, 1.0]
            ]
        }
    ]
}