{
    "animation": [
        {
            "name": "Root",
            "time": [0.0, 0.4, 0.8],
            "transform": [
                [1.0, 0.0, 0.0, -5e-06, 0.0, 0.0, -1.0, 0.000946, 0.0, 1.0, 0.0, 0.763972, 0.0, 0.0, 0.0, 1.0],
                [1.0, 0.0, 0.0, -5e-06, 0.0, 0.0, -1.0, 0.000946, 0.0, 1.0, 0.0, 0.763972, 0.0, 0.0, 0.0, 1.0],
                [1.0, 0.0, 0.0, -5e-06, 0.0, 0.0, -1.0, 0.000946, 0.0, 1.0, 0.0, 0.763972, 0.0, 0.0, 0.0, 1.0]
            ]
        },
        {
            "name": "Thigh_R",
            "time": [0.0, 0.4, 0.8],
            "transform": [
                [1.0, -0.0, 0.0, 0.124994, -0.0, -0.999961, 0.008827, -0.002831, 0.0, -0.008827, -0.999963, -1.2e-05, 0.0, 0.0, 0.0, 1.0],
                [1.0, -0.0, 0.0, 0.124994, -0.0, -0.999964, 0.008397, -0.002831, 0.0, -0.008397, -0.999967, -1.2e-05, 0.0, 0.0, 0.0, 1.0],
                [1.0, -0.0, 0.0, 0.124994, -0.0, -0.999961, 0.008827, -0.002831, 0.0, -0.008827, -0.999963, -1.2e-05, 0.0, 0.0, 0.0, 1.0]
            ]
        },
        {
            "name": "Leg_R",
            "time": [0.0, 0.4, 0.8],
            "transform": [
                [1.0, -0.0, 1e-06, -0.0, -0.0, 0.999887, 0.017646, 0.374726, -1e-06, -0.017648, 0.999794, -0.0, 0.0, 0.0, 0.0, 1.0],
                [1.0, -0.0, 1e-06, 0.0, -0.0, 0.999897, 0.016785, 0.374726, -1e-06, -0.016786, 0.999815, 0.0, 0.0, 0.0, 0.0, 1.0],
                [1.0, -0.0, 1e-06, -0.0, -0.0, 0.999887, 0.017646, 0.374726, -1e-06, -0.017648, 0.999794, -0.0, 0.0, 0.0, 0.0, 1.0]
            ]
        },
        {
            "name": "Knee_R",
            "time": [0.0, 0.8],
            "transform": [
                [1.0, 0.0, -0.0, -0.0, -0.0, 0.00567, -0.999984, 0.374726, -0.0, 0.999984, 0.00567, -0.0, 0.0, 0.0, 0.0, 1.0],
                [1.0, 0.0, -0.0, -0.0, -0.0, 0.00567, -0.999984, 0.374726, -0.0, 0.999984, 0.00567, -0.0, 0.0, 0.0, 0.0, 1.0]
            ]
        },
        {
            "name": "Thigh_L",
            "time": [0.0, 0.4, 0.8],
            "transform": [
                [1.0, -0.0, 0.0, -0.125006, -0.0, -0.999978, 0.006764, -0.002832, 0.0, -0.006764, -0.999978, -1.2e-05, 0.0, 0.0, 0.0, 1.0],
                [1.0, -0.0, 0.0, -0.125006, -0.0, -0.999979, 0.006603, -0.002832, 0.0, -0.006603, -0.999979, -1.2e-05, 0.0, 0.0, 0.0, 1.0],
                [1.0, -0.0, 0.0, -0.125006, -0.0, -0.999978, 0.006764, -0.002832, 0.0, -0.006764, -0.999978, -1.2e-05, 0.0, 0.0, 0.0, 1.0]
            ]
        },
        {
            "name": "Leg_L",
            "time": [0.0, 0.4, 0.8],
            "transform": [
                [1.0, -0.0, 1e-06, -0.0, -0.0, 0.999917, 0.013522, 0.374726, -1e-06, -0.013522, 0.999898, 0.0, 0.0, 0.0, 0.0, 1.0],
                [1.0, -0.0, 1e-06, -0.0, -0.0, 0.99992, 0.0132, 0.374726, -1e-06, -0.0132, 0.999905, -0.0, 0.0, 0.0, 0.0, 1.0],
                [1.0, -0.0, 1e-06, -0.0, -0.0, 0.999917, 0.013522, 0.374726, -1e-06, -0.013522, 0.999898, 0.0, 0.0, 0.0, 0.0, 1.0]
            ]
        },
        {
            "name": "Knee_L",
            "time": [0.0, 0.8],
            "transform": [
                [1.0, 0.0, -0.0, -0.0, -0.0, 0.00567, -0.999984, 0.374726, -0.0, 0.999984, 0.00567, -0.0, 0.0, 0.0, 0.0, 1.0],
                [1.0, 0.0, -0.0, -0.0, -0.0, 0.00567, -0.999984, 0.374726, -0.0, 0.999984, 0.00567, -0.0, 0.0, 0.0, 0.0, 1.0]
            ]
        },
        {
            "name": "Torso",
            "time": [0.0, 0.4, 0.8],
            "transform": [
                [1.0, 0.0, 0.0, 0.0, 0.0, 1.0, 0.0, 0.05, 0.0, 0.0, 1.0, 0.0, 0.0, 0.0, 0.0, 1.0],
                [1.0, 0.0, 0.0, 0.0, 0.0, 1.0, 0.0, 0.05, 0.0, 0.0, 1.0, 0.0, 0.0, 0.0, 0.0, 1.0],
                [1.0, 0.0, 0.0, 0.0, 0.0, 1.0, 0.0, 0.05, 0.0, 0.0, 1.0, 0.0, 0.0, 0.0, 0.0, 1.0]
            ]
        },
        {
            "name": "Chest",
            "time": [0.0, 0.4, 0.8],
            "transform": [
                [0.983722, 0.03079, 0.177039, 0.0, -0.125998, 0.820637, 0.557386, 0.3, -0.128123, -0.57062, 0.811158, 0.0, 0.0, 0.0, 0.0, 1.0],
                [0.841506, -0.129409, -0.524519, 0.0, 0.353554, 0.866025, 0.353554, 0.3, 0.408494, -0.482963, 0.774519, 0.0, 0.0, 0.0, 0.0, 1.0],
                [0.983722, 0.03079, 0.177039, 0.0, -0.125998, 0.820637, 0.557386, 0.3, -0.128123, -0.57062, 0.811158, 0.0, 0.0, 0.0, 0.0, 1.0]
            ]
        },
        {
            "name": "Head",
            "time": [0.0, 0.4, 0.8],
            "transform": [
                [0.986344, -0.125998, -0.106073, 0.0, 0.043554, 0.820637, -0.569789, 0.4, 0.158839, 0.557387, 0.814918, -0.0, 0.0, 0.0, 0.0, 1.0],
                [0.832152, 0.353554, 0.427227, -0.0, -0.118567, 0.866026, -0.485739, 0.4, -0.541724, 0.353553, 0.762585, 0.0, 0.0, 0.0, 0.0, 1.0],
                [0.986344, -0.125998, -0.106073, 0.0, 0.043554, 0.820637, -0.569789, 0.4, 0.158839, 0.557387, 0.814918, -0.0, 0.0, 0.0, 0.0, 1.0]
            ]
        },
        {
            "name": "Shoulder_R",
            "time": [0.0, 0.4, 0.8],
            "transform": [
                [0.0, 0.952114, 0.305744, 0.0, -0.0, -0.305743, 0.952115, 0.4, 1.0, -0.0, -0.0, -0.0, 0.0, 0.0, 0.0, 1.0],
                [0.0, 0.952114, 0.305743, -0.0, -0.0, -0.305743, 0.952114, 0.4, 1.0, -0.0, -0.0, 0.0, 0.0, 0.0, 0.0, 1.0],
                [0.0, 0.952114, 0.305744, 0.0, -0.0, -0.305743, 0.952115, 0.4, 1.0, -0.0, -0.0, -0.0, 0.0, 0.0, 0.0, 1.0]
            ]
        },
        {
            "name": "Arm_R",
            "time": [0.0, 0.4, 0.8],
            "transform": [
                [-0.450023, -0.622835, -0.639969, 0.0, 0.709751, 0.185479, -0.679599, 0.393861, 0.541979, -0.760056, 0.358584, 0.0, 0.0, 0.0, 0.0, 1.0],
                [-0.661136, -0.640111, -0.391358, 0.0, 0.554792, -0.06594, -0.829373, 0.393861, 0.505086, -0.765451, 0.398722, -0.0, 0.0, 0.0, 0.0, 1.0],
                [-0.450023, -0.622835, -0.639969, 0.0, 0.709751, 0.185479, -0.679599, 0.393861, 0.541979, -0.760056, 0.358584, 0.0, 0.0, 0.0, 0.0, 1.0]
            ]
        },
        {
            "name": "Hand_R",
            "time": [0.0, 0.4, 0.8],
            "transform": [
                [1.000001, -3e-06, 4e-06, -0.0, 3e-06, -0.071392, -0.997406, 0.300003, 4e-06, 0.997496, -0.071386, 0.0, 0.0, 0.0, 0.0, 1.0],
                [1.000001, 0.0, 0.0, 0.0, 0.0, 0.400099, -0.916451, 0.300002, -0.0, 0.916503, 0.400079, -0.0, 0.0, 0.0, 0.0, 1.0],
                [1.000001, -3e-06, 4e-06, -0.0, 3e-06, -0.071392, -0.997406, 0.300003, 4e-06, 0.997496, -0.071386, 0.0, 0.0, 0.0, 0.0, 1.0]
            ]
        },
        {
            "name": "Tool_R",
            "time": [0.0, 0.4, 0.8],
            "transform": [
                [0.992947, 0.118558, 0.001053, -0.0, 0.11835, -0.991659, 0.051028, 0.271711, 0.007094, -0.050544, -0.998697, -0.028916, 0.0, 0.0, 0.0, 1.0],
                [0.992946, 0.118557, 0.001053, 0.0, 0.11835, -0.991659, 0.051028, 0.271711, 0.007094, -0.050544, -0.998697, -0.028915, 0.0, 0.0, 0.0, 1.0],
                [0.992947, 0.118558, 0.001053, -0.0, 0.11835, -0.991659, 0.051028, 0.271711, 0.007094, -0.050544, -0.998697, -0.028916, 0.0, 0.0, 0.0, 1.0]
            ]
        },
        {
            "name": "Elbow_R",
            "time": [0.0, 0.8],
            "transform": [
                [-1.0, 0.0, -0.0, -0.0, 0.0, 0.003946, -0.999992, 0.447206, -0.0, -0.999992, -0.003946, -0.000671, 0.0, 0.0, 0.0, 1.0],
                [-1.0, 0.0, -0.0, -0.0, 0.0, 0.003946, -0.999992, 0.447206, -0.0, -0.999992, -0.003946, -0.000671, 0.0, 0.0, 0.0, 1.0]
            ]
        },
        {
            "name": "Shoulder_L",
            "time": [0.0, 0.4, 0.8],
            "transform": [
                [0.0, -0.952114, -0.305743, 0.0, 0.0, -0.305743, 0.952114, 0.4, -1.0, -0.0, 0.0, -0.0, 0.0, 0.0, 0.0, 1.0],
                [-0.0, -0.952114, -0.305743, -0.0, 0.0, -0.305743, 0.952114, 0.4, -1.0, 0.0, 0.0, 0.0, 0.0, 0.0, 0.0, 1.0],
                [0.0, -0.952114, -0.305743, 0.0, 0.0, -0.305743, 0.952114, 0.4, -1.0, -0.0, 0.0, -0.0, 0.0, 0.0, 0.0, 1.0]
            ]
        },
        {
            "name": "Arm_L",
            "time": [0.0, 0.4, 0.8],
            "transform": [
                [-0.234658, 0.913221, -0.3331, -0.0, -0.530603, -0.407448, -0.743261, 0.39386, -0.814489, 0.002332, 0.580168, 0.0, 0.0, 0.0, 0.0, 1.0],
                [-0.066027, 0.895843, 0.439427, 0.0, -0.512653, 0.347361, -0.785188, 0.39386, -0.856047, -0.277116, 0.436326, 0.0, 0.0, 0.0, 0.0, 1.0],
                [-0.234658, 0.913221, -0.3331, -0.0, -0.530603, -0.407448, -0.743261, 0.39386, -0.814489, 0.002332, 0.580168, 0.0, 0.0, 0.0, 0.0, 1.0]
            ]
        },
        {
            "name": "Hand_L",
            "time": [0.0, 0.4, 0.8],
            "transform": [
                [1.000003, -2e-06, 0.0, 0.0, 2e-06, 0.912819, -0.408362, 0.300003, 1e-06, 0.408361, 0.912824, 0.0, 0.0, 0.0, 0.0, 1.0],
                [1.000002, -2e-06, 1e-06, -0.0, 2e-06, 0.379997, -0.925006, 0.300003, 1e-06, 0.924967, 0.380009, 0.0, 0.0, 0.0, 0.0, 1.0],
                [1.000003, -2e-06, 0.0, 0.0, 2e-06, 0.912819, -0.408362, 0.300003, 1e-06, 0.408361, 0.912824, 0.0, 0.0, 0.0, 0.0, 1.0]
            ]
        },
        {
            "name": "Tool_L",
            "time": [0.0, 0.8],
            "transform": [
                [1.0, -0.0, 0.0, -0.0, 0.0, -0.973887, -0.227034, 0.271711, 0.0, 0.227034, -0.973887, -0.028915, 0.0, 0.0, 0.0, 1.0],
                [1.0, -0.0, 0.0, -0.0, 0.0, -0.973887, -0.227034, 0.271711, 0.0, 0.227034, -0.973887, -0.028915, 0.0, 0.0, 0.0, 1.0]
            ]
        },
        {
            "name": "Elbow_L",
            "time": [0.0, 0.8],
            "transform": [
                [-1.0, 0.0, -0.0, 0.0, 0.0, 0.003946, -0.999992, 0.338618, -0.0, -0.999993, -0.003946, -0.0011, 0.0, 0.0, 0.0, 1.0],
                [-1.0, 0.0, -0.0, 0.0, 0.0, 0.003946, -0.999992, 0.338618, -0.0, -0.999993, -0.003946, -0.0011, 0.0, 0.0, 0.0, 1.0]
            ]
        }
    ]
}