{
    "animation": [
        {
            "name": "Root",
            "time": [0.0, 0.1667, 0.3833, 0.5667, 0.7833],
            "transform": [
                [1.0, 0.0, 0.0, -5e-06, 0.0, 0.0, -1.0, 0.000946, 0.0, 1.0, 0.0, 0.763972, 0.0, 0.0, 0.0, 1.0],
                [0.996195, 0.0, -0.087156, -5e-06, -0.087156, 0.0, -0.996195, 0.000946, 0.0, 1.0, 0.0, 0.763972, 0.0, 0.0, 0.0, 1.0],
                [0.996195, 0.0, -0.087156, -5e-06, -0.087156, 0.0, -0.996195, 0.000946, 0.0, 1.0, 0.0, 0.763972, 0.0, 0.0, 0.0, 1.0],
                [0.996195, 0.0, -0.087156, -5e-06, -0.087156, 0.0, -0.996195, 0.000946, 0.0, 1.0, 0.0, 0.763972, 0.0, 0.0, 0.0, 1.0],
                [1.0, 0.0, 0.0, -5e-06, 0.0, 0.0, -1.0, 0.000946, 0.0, 1.0, 0.0, 0.763972, 0.0, 0.0, 0.0, 1.0]
            ]
        },
        {
            "name": "Thigh_R",
            "time": [0.0, 0.1667, 0.3833, 0.5667, 0.7833],
            "transform": [
                [1.0, -0.0, 0.0, 0.124994, -0.0, -0.999957, 0.009327, -0.002831, 0.0, -0.009327, -0.999959, -1.2e-05, 0.0, 0.0, 0.0, 1.0],
                [0.996261, -0.000838, -0.086399, 0.124994, 0.000622, -0.999858, 0.016871, -0.002831, -0.0864, -0.016861, -0.996121, -1.2e-05, 0.0, 0.0, 0.0, 1.0],
                [0.996262, -0.000838, -0.086399, 0.124994, 0.000622, -0.999858, 0.016871, -0.002831, -0.0864, -0.016862, -0.996122, -1.2e-05, 0.0, 0.0, 0.0, 1.0],
                [0.996261, -0.000838, -0.086399, 0.124994, 0.000622, -0.999858, 0.016871, -0.002831, -0.0864, -0.016861, -0.996121, -1.2e-05, 0.0, 0.0, 0.0, 1.0],
                [1.0, -0.0, 0.0, 0.124994, -0.0, -0.999956, 0.00942, -0.002831, 0.0, -0.00942, -0.999958, -1.2e-05, 0.0, 0.0, 0.0, 1.0]
            ]
        },
        {
            "name": "Leg_R",
            "time": [0.0, 0.1667, 0.3833, 0.5667, 0.7833],
            "transform": [
                [1.0, -0.0, 1e-06, -0.0, -0.0, 0.999879, 0.018645, 0.374726, -1e-06, -0.018647, 0.999765, -0.0, 0.0, 0.0, 0.0, 1.0],
                [0.999999, -0.0, 1e-06, -0.0, -0.0, 1.000042, 0.00468, 0.374726, -1e-06, -0.004681, 0.999928, 0.0, 0.0, 0.0, 0.0, 1.0],
                [0.999998, -0.0, 1e-06, 0.0, -0.0, 1.000061, 0.00468, 0.374726, -1e-06, -0.004681, 0.999907, 0.0, 0.0, 0.0, 0.0, 1.0],
                [0.999999, -0.0, 1e-06, -0.0, -0.0, 1.000042, 0.00468, 0.374726, -1e-06, -0.004681, 0.999928, 0.0, 0.0, 0.0, 0.0, 1.0],
                [1.0, -0.0, 1e-06, -0.0, -0.0, 0.999877, 0.018831, 0.374726, -1e-06, -0.018833, 0.999759, 0.0, 0.0, 0.0, 0.0, 1.0]
            ]
        },
        {
            "name": "Knee_R",
            "time": [0.0, 0.7833],
            "transform": [
                [1.0, 0.0, -0.0, -0.0, -0.0, 0.00567, -0.999984, 0.374726, -0.0, 0.999984, 0.00567, 0.0, 0.0, 0.0, 0.0, 1.0],
                [1.0, 0.0, -0.0, -0.0, -0.0, 0.00567, -0.999984, 0.374726, -0.0, 0.999984, 0.00567, 0.0, 0.0, 0.0, 0.0, 1.0]
            ]
        },
        {
            "name": "Thigh_L",
            "time": [0.0, 0.1667, 0.3833, 0.5667, 0.7833],
            "transform": [
                [1.0, -0.0, 0.0, -0.125006, -0.0, -0.999976, 0.007078, -0.002832, 0.0, -0.007078, -0.999977, -1.2e-05, 0.0, 0.0, 0.0, 1.0],
                [0.996125, 0.000427, -0.087943, -0.125006, -0.000647, -0.999927, -0.012189, -0.002832, -0.087941, 0.012199, -0.996053, -1.2e-05, 0.0, 0.0, 0.0, 1.0],
                [0.996126, 0.000427, -0.087943, -0.125006, -0.000647, -0.999928, -0.012189, -0.002832, -0.087941, 0.012199, -0.996053, -1.2e-05, 0.0, 0.0, 0.0, 1.0],
                [0.996125, 0.000427, -0.087943, -0.125006, -0.000647, -0.999927, -0.012189, -0.002832, -0.087941, 0.012199, -0.996053, -1.2e-05, 0.0, 0.0, 0.0, 1.0],
                [1.0, -0.0, 0.0, -0.125006, -0.0, -0.999975, 0.007241, -0.002832, 0.0, -0.007241, -0.999975, -1.2e-05, 0.0, 0.0, 0.0, 1.0]
            ]
        },
        {
            "name": "Leg_L",
            "time": [0.0, 0.1667, 0.3833, 0.5667, 0.7833],
            "transform": [
                [1.0, -0.0, 1e-06, -0.0, -0.0, 0.999911, 0.014149, 0.374726, -1e-06, -0.01415, 0.999886, -0.0, 0.0, 0.0, 0.0, 1.0],
                [0.999999, -0.0, 1e-06, 0.0, -0.0, 1.000001, 0.00468, 0.374726, -1e-06, -0.00468, 0.999974, -0.0, 0.0, 0.0, 0.0, 1.0],
                [0.999998, -0.0, 1e-06, 0.0, -0.0, 1.000004, 0.00468, 0.374726, -1e-06, -0.00468, 0.999968, 0.0, 0.0, 0.0, 0.0, 1.0],
                [0.999999, -0.0, 1e-06, 0.0, -0.0, 1.000001, 0.00468, 0.374726, -1e-06, -0.00468, 0.999974, -0.0, 0.0, 0.0, 0.0, 1.0],
                [1.0, -0.0, 1e-06, -0.0, -0.0, 0.999907, 0.014477, 0.374726, -1e-06, -0.014477, 0.99988, -0.0, 0.0, 0.0, 0.0, 1.0]
            ]
        },
        {
            "name": "Knee_L",
            "time": [0.0, 0.7833],
            "transform": [
                [1.0, 0.0, -0.0, -0.0, -0.0, 0.00567, -0.999984, 0.374726, -0.0, 0.999984, 0.00567, -0.0, 0.0, 0.0, 0.0, 1.0],
                [1.0, 0.0, -0.0, -0.0, -0.0, 0.00567, -0.999984, 0.374726, -0.0, 0.999984, 0.00567, -0.0, 0.0, 0.0, 0.0, 1.0]
            ]
        },
        {
            "name": "Torso",
            "time": [0.0, 0.1667, 0.3833, 0.5667, 0.7833],
            "transform": [
                [1.0, 0.0, 0.0, 0.0, 0.0, 1.0, 0.0, 0.05, 0.0, 0.0, 1.0, 0.0, 0.0, 0.0, 0.0, 1.0],
                [1.0, 0.0, 0.0, 0.0, 0.0, 1.0, 0.0, 0.05, 0.0, 0.0, 1.0, 0.0, 0.0, 0.0, 0.0, 1.0],
                [1.0, 0.0, 0.0, 0.0, 0.0, 1.0, 0.0, 0.05, 0.0, 0.0, 1.0, 0.0, 0.0, 0.0, 0.0, 1.0],
                [1.0, 0.0, 0.0, 0.0, 0.0, 1.0, 0.0, 0.05, 0.0, 0.0, 1.0, 0.0, 0.0, 0.0, 0.0, 1.0],
                [1.0, 0.0, 0.0, 0.0, 0.0, 1.0, 0.0, 0.05, 0.0, 0.0, 1.0, 0.0, 0.0, 0.0, 0.0, 1.0]
            ]
        },
        {
            "name": "Chest",
            "time": [0.0, 0.1667, 0.3833, 0.5667, 0.7833],
            "transform": [
                [0.968263, -0.024714, 0.248708, 0.0, -0.000385, 0.99495, 0.100366, 0.3, -0.249933, -0.097277, 0.963364, 0.0, 0.0, 0.0, 0.0, 1.0],
                [0.996953, -0.007447, 0.077643, 0.0, -0.000385, 0.99495, 0.100366, 0.3, -0.077999, -0.100091, 0.991916, 0.0, 0.0, 0.0, 0.0, 1.0],
                [0.983085, 0.011187, -0.18281, 0.0, 0.022947, 0.982745, 0.183537, 0.3, 0.181709, -0.184627, 0.965864, 0.0, 0.0, 0.0, 0.0, 1.0],
                [0.996953, -0.007447, 0.077643, 0.0, -0.000385, 0.99495, 0.100366, 0.3, -0.077999, -0.100091, 0.991916, 0.0, 0.0, 0.0, 0.0, 1.0],
                [0.968263, -0.024714, 0.248708, 0.0, -0.000385, 0.99495, 0.100366, 0.3, -0.249933, -0.097277, 0.963364, 0.0, 0.0, 0.0, 0.0, 1.0]
            ]
        },
        {
            "name": "Head",
            "time": [0.0, 0.1667, 0.3833, 0.5667, 0.7833],
            "transform": [
                [0.969081, -0.000385, -0.246744, 0.0, -0.024394, 0.994951, -0.097358, 0.4, 0.245535, 0.100367, 0.964179, 0.0, 0.0, 0.0, 0.0, 1.0],
                [0.999923, -0.000385, 0.01248, -0.0, 0.001636, 0.994951, -0.100354, 0.4, -0.012379, 0.100367, 0.994874, 0.0, 0.0, 0.0, 0.0, 1.0],
                [0.962624, 0.022947, 0.269869, -0.0, 0.027838, 0.982745, -0.182859, 0.4, -0.269408, 0.183537, 0.945376, -0.0, 0.0, 0.0, 0.0, 1.0],
                [0.999923, -0.000385, 0.01248, -0.0, 0.001636, 0.994951, -0.100354, 0.4, -0.012379, 0.100367, 0.994874, 0.0, 0.0, 0.0, 0.0, 1.0],
                [0.969081, -0.000385, -0.246744, 0.0, -0.024394, 0.99495, -0.097358, 0.4, 0.245535, 0.100367, 0.964179, -0.0, 0.0, 0.0, 0.0, 1.0]
            ]
        },
        {
            "name": "Shoulder_R",
            "time": [0.0, 0.1667, 0.3833, 0.5667, 0.7833],
            "transform": [
                [-0.0, 0.952114, 0.305744, 0.0, 0.0, -0.305743, 0.952115, 0.4, 1.000001, 0.0, -0.0, 0.0, 0.0, 0.0, 0.0, 1.0],
                [-0.0, 0.952114, 0.305744, -0.0, 0.0, -0.305743, 0.952115, 0.4, 1.000001, 0.0, -0.0, 0.0, 0.0, 0.0, 0.0, 1.0],
                [0.0, 0.952114, 0.305744, -0.0, 0.0, -0.305743, 0.952115, 0.4, 1.000001, 0.0, -0.0, -0.0, 0.0, 0.0, 0.0, 1.0],
                [-0.0, 0.952114, 0.305744, -0.0, 0.0, -0.305743, 0.952115, 0.4, 1.000001, 0.0, -0.0, 0.0, 0.0, 0.0, 0.0, 1.0],
                [-0.0, 0.952114, 0.305744, 0.0, 0.0, -0.305743, 0.952115, 0.4, 1.000001, 0.0, -0.0, -0.0, 0.0, 0.0, 0.0, 1.0]
            ]
        },
        {
            "name": "Arm_R",
            "time": [0.0, 0.1667, 0.3833, 0.5667, 0.7833],
            "transform": [
                [-0.805734, -0.422757, -0.414822, 0.0, 0.300782, 0.311287, -0.901464, 0.39386, 0.51023, -0.851107, -0.123657, -0.0, 0.0, 0.0, 0.0, 1.0],
                [-0.743494, -0.656794, -0.125881, 0.0, 0.177721, -0.012585, -0.984003, 0.39386, 0.644704, -0.75397, 0.126083, 0.0, 0.0, 0.0, 0.0, 1.0],
                [-0.823092, -0.50265, -0.264338, 0.0, 0.297119, 0.015546, -0.954717, 0.39386, 0.483999, -0.864356, 0.13655, -0.0, 0.0, 0.0, 0.0, 1.0],
                [-0.743494, -0.656794, -0.125881, 0.0, 0.177721, -0.012585, -0.984003, 0.39386, 0.644704, -0.75397, 0.126083, 0.0, 0.0, 0.0, 0.0, 1.0],
                [-0.805736, -0.422755, -0.414822, -0.0, 0.300782, 0.311286, -0.901464, 0.39386, 0.510228, -0.851108, -0.123657, 0.0, 0.0, 0.0, 0.0, 1.0]
            ]
        },
        {
            "name": "Hand_R",
            "time": [0.0, 0.1667, 0.3833, 0.5667, 0.7833],
            "transform": [
                [1.000001, -0.0, -0.0, -0.0, 0.0, 0.140033, -0.990122, 0.300003, -0.0, 0.990177, 0.140026, -0.0, 0.0, 0.0, 0.0, 1.0],
                [1.0, 0.0, 0.0, 0.0, 0.0, 0.655909, -0.754837, 0.300003, 0.0, 0.754878, 0.655875, 0.0, 0.0, 0.0, 0.0, 1.0],
                [1.000001, 3e-06, -2e-06, 0.0, -3e-06, 0.439683, -0.898128, 0.300002, -2e-06, 0.8982, 0.439651, 0.0, 0.0, 0.0, 0.0, 1.0],
                [1.0, 0.0, 0.0, 0.0, 0.0, 0.655909, -0.754837, 0.300003, 0.0, 0.754878, 0.655875, 0.0, 0.0, 0.0, 0.0, 1.0],
                [1.000001, 3e-06, -3e-06, -0.0, -3e-06, 0.140034, -0.990122, 0.300003, -3e-06, 0.990177, 0.140027, 0.0, 0.0, 0.0, 0.0, 1.0]
            ]
        },
        {
            "name": "Tool_R",
            "time": [0.0, 0.1667, 0.3833, 0.5667, 0.7833],
            "transform": [
                [0.916009, -0.310812, -0.253619, -0.015693, -0.287878, -0.949604, 0.124005, 0.253896, -0.27938, -0.040578, -0.959322, -0.007106, 0.0, 0.0, 0.0, 1.0],
                [0.916009, -0.310813, -0.253619, -0.015693, -0.287878, -0.949604, 0.124004, 0.253896, -0.27938, -0.040578, -0.959322, -0.007106, 0.0, 0.0, 0.0, 1.0],
                [0.916009, -0.310813, -0.253619, -0.015693, -0.287879, -0.949604, 0.124005, 0.253896, -0.27938, -0.040578, -0.959322, -0.007107, 0.0, 0.0, 0.0, 1.0],
                [0.916009, -0.310813, -0.253619, -0.015693, -0.287878, -0.949604, 0.124004, 0.253896, -0.27938, -0.040578, -0.959322, -0.007106, 0.0, 0.0, 0.0, 1.0],
                [0.916009, -0.310812, -0.253619, -0.015693, -0.287878, -0.949603, 0.124005, 0.253896, -0.27938, -0.040578, -0.959322, -0.007107, 0.0, 0.0, 0.0, 1.0]
            ]
        },
        {
            "name": "Elbow_R",
            "time": [0.0, 0.7833],
            "transform": [
                [-1.0, 0.0, -0.0, 0.0, 0.0, 0.003946, -0.999992, 0.433232, -0.0, -0.999992, -0.003946, -0.000727, 0.0, 0.0, 0.0, 1.0],
                [-1.0, 0.0, -0.0, 0.0, 0.0, 0.003946, -0.999992, 0.433232, -0.0, -0.999992, -0.003946, -0.000727, 0.0, 0.0, 0.0, 1.0]
            ]
        },
        {
            "name": "Shoulder_L",
            "time": [0.0, 0.1667, 0.3833, 0.5667, 0.7833],
            "transform": [
                [0.0, -0.952114, -0.305743, 0.0, 0.0, -0.305743, 0.952114, 0.4, -1.0, -0.0, 0.0, 0.0, 0.0, 0.0, 0.0, 1.0],
                [0.0, -0.952114, -0.305743, -0.0, 0.0, -0.305743, 0.952114, 0.4, -1.0, -0.0, 0.0, 0.0, 0.0, 0.0, 0.0, 1.0],
                [-0.0, -0.952114, -0.305743, -0.0, 0.0, -0.305743, 0.952114, 0.4, -1.0, -0.0, 0.0, -0.0, 0.0, 0.0, 0.0, 1.0],
                [0.0, -0.952114, -0.305743, -0.0, 0.0, -0.305743, 0.952114, 0.4, -1.0, -0.0, 0.0, 0.0, 0.0, 0.0, 0.0, 1.0],
                [0.0, -0.952114, -0.305743, 0.0, 0.0, -0.305743, 0.952114, 0.4, -1.0, -0.0, 0.0, -0.0, 0.0, 0.0, 0.0, 1.0]
            ]
        },
        {
            "name": "Arm_L",
            "time": [0.0, 0.1667, 0.3833, 0.5667, 0.7833],
            "transform": [
                [-0.450123, 0.82006, 0.353381, 0.0, -0.401345, 0.167721, -0.900434, 0.39386, -0.797686, -0.547135, 0.253634, -0.0, 0.0, 0.0, 0.0, 1.0],
                [-0.400563, 0.870169, 0.286957, 0.0, -0.142658, 0.250132, -0.957641, 0.39386, -0.905091, -0.424532, 0.023943, -0.0, 0.0, 0.0, 0.0, 1.0],
                [-0.367118, 0.79025, 0.490627, -0.0, -0.287268, 0.405348, -0.867849, 0.393861, -0.884698, -0.459544, 0.078204, -0.0, 0.0, 0.0, 0.0, 1.0],
                [-0.400563, 0.870169, 0.286957, 0.0, -0.142658, 0.250132, -0.957641, 0.39386, -0.905091, -0.424532, 0.023943, -0.0, 0.0, 0.0, 0.0, 1.0],
                [-0.450121, 0.820062, 0.35338, 0.0, -0.401345, 0.16772, -0.900434, 0.39386, -0.797687, -0.547133, 0.253635, 0.0, 0.0, 0.0, 0.0, 1.0]
            ]
        },
        {
            "name": "Hand_L",
            "time": [0.0, 0.1667, 0.3833, 0.5667, 0.7833],
            "transform": [
                [1.000001, -0.0, -0.0, -0.0, -0.0, 0.681138, -0.732158, 0.300003, -0.0, 0.732146, 0.681147, 0.0, 0.0, 0.0, 0.0, 1.0],
                [1.0, 2e-06, -0.0, 0.0, -2e-06, 0.870622, -0.491948, 0.300003, -0.0, 0.491938, 0.870634, 0.0, 0.0, 0.0, 0.0, 1.0],
                [1.000001, -3e-06, 2e-06, -0.0, 3e-06, 0.493387, -0.869828, 0.300003, 2e-06, 0.869785, 0.493405, -0.0, 0.0, 0.0, 0.0, 1.0],
                [1.0, 2e-06, -0.0, 0.0, -2e-06, 0.870622, -0.491948, 0.300003, -0.0, 0.491938, 0.870634, 0.0, 0.0, 0.0, 0.0, 1.0],
                [1.000002, 3e-06, -1e-06, -0.0, -2e-06, 0.68114, -0.732157, 0.300003, -1e-06, 0.732142, 0.68115, -0.0, 0.0, 0.0, 0.0, 1.0]
            ]
        },
        {
            "name": "Tool_L",
            "time": [0.0, 0.7833],
            "transform": [
                [1.0, -0.0, 0.0, -0.0, -0.0, -0.973887, -0.227034, 0.271711, 0.0, 0.227034, -0.973887, -0.028915, 0.0, 0.0, 0.0, 1.0],
                [1.0, -0.0, 0.0, -0.0, 0.0, -0.973887, -0.227034, 0.271711, 0.0, 0.227034, -0.973887, -0.028915, 0.0, 0.0, 0.0, 1.0]
            ]
        },
        {
            "name": "Elbow_L",
            "time": [0.0, 0.7833],
            "transform": [
                [-1.0, 0.0, -0.0, -0.0, 0.0, 0.003946, -0.999992, 0.376179, -0.0, -0.999993, -0.003946, -0.000952, 0.0, 0.0, 0.0, 1.0],
                [-1.0, 0.0, -0.0, -0.0, 0.0, 0.003946, -0.999992, 0.376178, -0.0, -0.999993, -0.003946, -0.000952, 0.0, 0.0, 0.0, 1.0]
            ]
        }
    ]
}