{
    "animation": [
        {
            "name": "Root",
            "time": [0.0, 0.1667, 0.3833, 0.5667, 0.7833],
            "transform": [
                [1.0, 0.0, 0.0, -5e-06, 0.0, 0.0, -1.0, 0.000946, 0.0, 1.0, 0.0, 0.763972, 0.0, 0.0, 0.0, 1.0],
                [1.0, 0.0, 0.0, -5e-06, 0.0, 0.0, -1.0, 0.000946, 0.0, 1.0, 0.0, 0.763972, 0.0, 0.0, 0.0, 1.0],
                [1.0, 0.0, 0.0, -5e-06, 0.0, 0.0, -1.0, 0.000946, 0.0, 1.0, 0.0, 0.763972, 0.0, 0.0, 0.0, 1.0],
                [1.0, 0.0, 0.0, -5e-06, 0.0, 0.0, -1.0, 0.000946, 0.0, 1.0, 0.0, 0.763972, 0.0, 0.0, 0.0, 1.0],
                [1.0, 0.0, 0.0, -5e-06, 0.0, 0.0, -1.0, 0.000946, 0.0, 1.0, 0.0, 0.763972, 0.0, 0.0, 0.0, 1.0]
            ]
        },
        {
            "name": "Thigh_R",
            "time": [0.0, 0.1667, 0.3833, 0.5667, 0.7833],
            "transform": [
                [1.0, -0.0, 0.0, 0.124994, -0.0, -0.999941, 0.010931, -0.002831, 0.0, -0.010931, -0.999943, -1.2e-05, 0.0, 0.0, 0.0, 1.0],
                [1.0, -0.0, 0.0, 0.124994, -0.0, -0.999942, 0.01086, -0.002831, 0.0, -0.01086, -0.999944, -1.2e-05, 0.0, 0.0, 0.0, 1.0],
                [1.0, -0.0, 0.0, 0.124994, -0.0, -0.999941, 0.010931, -0.002831, 0.0, -0.010931, -0.999943, -1.2e-05, 0.0, 0.0, 0.0, 1.0],
                [1.0, -0.0, 0.0, 0.124994, -0.0, -0.999942, 0.01086, -0.002831, 0.0, -0.01086, -0.999944, -1.2e-05, 0.0, 0.0, 0.0, 1.0],
                [1.0, -0.0, 0.0, 0.124994, -0.0, -0.999941, 0.010931, -0.002831, 0.0, -0.010931, -0.999943, -1.2e-05, 0.0, 0.0, 0.0, 1.0]
            ]
        },
        {
            "name": "Leg_R",
            "time": [0.0, 0.1667, 0.3833, 0.5667, 0.7833],
            "transform": [
                [1.0, -0.0, 1e-06, 0.0, -0.0, 0.999843, 0.02185, 0.374726, -1e-06, -0.021854, 0.999666, -0.0, 0.0, 0.0, 0.0, 1.0],
                [1.0, -0.0, 1e-06, 0.0, -0.0, 0.999845, 0.021708, 0.374726, -1e-06, -0.021712, 0.999671, -0.0, 0.0, 0.0, 0.0, 1.0],
                [1.0, -0.0, 1e-06, 0.0, -0.0, 0.999843, 0.02185, 0.374726, -1e-06, -0.021854, 0.999666, -0.0, 0.0, 0.0, 0.0, 1.0],
                [1.0, -0.0, 1e-06, 0.0, -0.0, 0.999845, 0.021708, 0.374726, -1e-06, -0.021712, 0.999671, -0.0, 0.0, 0.0, 0.0, 1.0],
                [1.0, -0.0, 1e-06, 0.0, -0.0, 0.999843, 0.02185, 0.374726, -1e-06, -0.021854, 0.999666, -0.0, 0.0, 0.0, 0.0, 1.0]
            ]
        },
        {
            "name": "Knee_R",
            "time": [0.0, 0.7833],
            "transform": [
                [1.0, 0.0, -0.0, 0.0, -0.0, 0.00567, -0.999984, 0.374726, -0.0, 0.999984, 0.00567, -0.0, 0.0, 0.0, 0.0, 1.0],
                [1.0, 0.0, -0.0, 0.0, -0.0, 0.00567, -0.999984, 0.374726, -0.0, 0.999984, 0.00567, -0.0, 0.0, 0.0, 0.0, 1.0]
            ]
        },
        {
            "name": "Thigh_L",
            "time": [0.0, 0.1667, 0.3833, 0.5667, 0.7833],
            "transform": [
                [1.0, -0.0, 0.0, -0.125006, -0.0, -0.999974, 0.007528, -0.002833, 0.0, -0.007528, -0.999974, -1.2e-05, 0.0, 0.0, 0.0, 1.0],
                [1.0, -0.0, 0.0, -0.125006, -0.0, -0.999974, 0.007498, -0.002833, 0.0, -0.007498, -0.999974, -1.2e-05, 0.0, 0.0, 0.0, 1.0],
                [1.0, -0.0, 0.0, -0.125006, -0.0, -0.999974, 0.007528, -0.002833, 0.0, -0.007528, -0.999974, -1.2e-05, 0.0, 0.0, 0.0, 1.0],
                [1.0, -0.0, 0.0, -0.125006, -0.0, -0.999974, 0.007498, -0.002833, 0.0, -0.007498, -0.999974, -1.2e-05, 0.0, 0.0, 0.0, 1.0],
                [1.0, -0.0, 0.0, -0.125006, -0.0, -0.999974, 0.007528, -0.002833, 0.0, -0.007528, -0.999974, -1.2e-05, 0.0, 0.0, 0.0, 1.0]
            ]
        },
        {
            "name": "Leg_L",
            "time": [0.0, 0.1667, 0.3833, 0.5667, 0.7833],
            "transform": [
                [1.0, -0.0, 1e-06, -0.0, -0.0, 0.999898, 0.015049, 0.374726, -1e-06, -0.01505, 0.999866, -0.0, 0.0, 0.0, 0.0, 1.0],
                [1.0, -0.0, 1e-06, -0.0, -0.0, 0.999899, 0.01499, 0.374726, -1e-06, -0.01499, 0.999867, -0.0, 0.0, 0.0, 0.0, 1.0],
                [1.0, -0.0, 1e-06, -0.0, -0.0, 0.999898, 0.015049, 0.374726, -1e-06, -0.01505, 0.999866, -0.0, 0.0, 0.0, 0.0, 1.0],
                [1.0, -0.0, 1e-06, -0.0, -0.0, 0.999899, 0.01499, 0.374726, -1e-06, -0.01499, 0.999867, -0.0, 0.0, 0.0, 0.0, 1.0],
                [1.0, -0.0, 1e-06, -0.0, -0.0, 0.999898, 0.015049, 0.374726, -1e-06, -0.01505, 0.999866, -0.0, 0.0, 0.0, 0.0, 1.0]
            ]
        },
        {
            "name": "Knee_L",
            "time": [0.0, 0.7833],
            "transform": [
                [1.0, 0.0, -0.0, -0.0, -0.0, 0.00567, -0.999984, 0.374726, -0.0, 0.999984, 0.00567, -0.0, 0.0, 0.0, 0.0, 1.0],
                [1.0, 0.0, -0.0, -0.0, -0.0, 0.00567, -0.999984, 0.374726, -0.0, 0.999984, 0.00567, -0.0, 0.0, 0.0, 0.0, 1.0]
            ]
        },
        {
            "name": "Torso",
            "time": [0.0, 0.1667, 0.3833, 0.5667, 0.7833],
            "transform": [
                [1.0, 0.0, 0.0, 0.0, 0.0, 1.0, 0.0, 0.05, 0.0, 0.0, 1.0, 0.0, 0.0, 0.0, 0.0, 1.0],
                [1.0, 0.0, 0.0, 0.0, 0.0, 1.0, 0.0, 0.05, 0.0, 0.0, 1.0, 0.0, 0.0, 0.0, 0.0, 1.0],
                [1.0, 0.0, 0.0, 0.0, 0.0, 1.0, 0.0, 0.05, 0.0, 0.0, 1.0, 0.0, 0.0, 0.0, 0.0, 1.0],
                [1.0, 0.0, 0.0, 0.0, 0.0, 1.0, 0.0, 0.05, 0.0, 0.0, 1.0, 0.0, 0.0, 0.0, 0.0, 1.0],
                [1.0, 0.0, 0.0, 0.0, 0.0, 1.0, 0.0, 0.05, 0.0, 0.0, 1.0, 0.0, 0.0, 0.0, 0.0, 1.0]
            ]
        },
        {
            "name": "Chest",
            "time": [0.0, 0.1667, 0.3833, 0.5667, 0.7833],
            "transform": [
                [0.992667, 0.003085, -0.120839, 0.0, 0.021191, 0.979751, 0.199094, 0.3, 0.119006, -0.200194, 0.972502, 0.0, 0.0, 0.0, 0.0, 1.0],
                [0.928042, 0.054794, -0.368423, 0.0, 0.021191, 0.979751, 0.199094, 0.3, 0.371872, -0.192574, 0.908089, 0.0, 0.0, 0.0, 0.0, 1.0],
                [0.800172, 0.102769, -0.5909, 0.0, 0.073351, 0.961047, 0.266474, 0.3, 0.595268, -0.256568, 0.761465, 0.0, 0.0, 0.0, 0.0, 1.0],
                [0.928042, 0.054794, -0.368423, 0.0, 0.021191, 0.979751, 0.199094, 0.3, 0.371872, -0.192574, 0.908089, 0.0, 0.0, 0.0, 0.0, 1.0],
                [0.992667, 0.003085, -0.120839, 0.0, 0.021191, 0.979751, 0.199094, 0.3, 0.119006, -0.200194, 0.972502, 0.0, 0.0, 0.0, 0.0, 1.0]
            ]
        },
        {
            "name": "Head",
            "time": [0.0, 0.1667, 0.3833, 0.5667, 0.7833],
            "transform": [
                [0.99277, 0.012075, 0.11943, 0.0, 0.0123, 0.97946, -0.201268, 0.4, -0.119408, 0.201282, 0.972228, 0.0, 0.0, 0.0, 0.0, 1.0],
                [0.928036, 0.012956, 0.372267, 0.0, 0.064003, 0.978987, -0.193625, 0.4, -0.366953, 0.203517, 0.907704, 0.0, 0.0, 0.0, 0.0, 1.0],
                [0.800559, 0.066551, 0.595548, -0.0, 0.11183, 0.959766, -0.257576, 0.4, -0.588729, 0.272805, 0.760905, -0.0, 0.0, 0.0, 0.0, 1.0],
                [0.928036, 0.012956, 0.372267, 0.0, 0.064003, 0.978987, -0.193625, 0.4, -0.366953, 0.203517, 0.907704, 0.0, 0.0, 0.0, 0.0, 1.0],
                [0.99277, 0.012075, 0.11943, 0.0, 0.0123, 0.97946, -0.201268, 0.4, -0.119408, 0.201282, 0.972228, 0.0, 0.0, 0.0, 0.0, 1.0]
            ]
        },
        {
            "name": "Shoulder_R",
            "time": [0.0, 0.1667, 0.3833, 0.5667, 0.7833],
            "transform": [
                [-0.0, 0.952115, 0.305744, 0.0, 0.0, -0.305744, 0.952115, 0.4, 1.000001, 0.0, -0.0, 0.0, 0.0, 0.0, 0.0, 1.0],
                [-0.0, 0.952115, 0.305744, 0.0, 0.0, -0.305744, 0.952115, 0.4, 1.000001, 0.0, -0.0, 0.0, 0.0, 0.0, 0.0, 1.0],
                [-0.0, 0.952115, 0.305744, -0.0, 0.0, -0.305744, 0.952115, 0.4, 1.000001, 0.0, -0.0, -0.0, 0.0, 0.0, 0.0, 1.0],
                [-0.0, 0.952115, 0.305744, 0.0, 0.0, -0.305744, 0.952115, 0.4, 1.000001, 0.0, 0.0, 0.0, 0.0, 0.0, 0.0, 1.0],
                [-0.0, 0.952115, 0.305744, 0.0, 0.0, -0.305744, 0.952115, 0.4, 1.000001, 0.0, -0.0, 0.0, 0.0, 0.0, 0.0, 1.0]
            ]
        },
        {
            "name": "Arm_R",
            "time": [0.0, 0.1667, 0.3833, 0.5667, 0.7833],
            "transform": [
                [-0.597816, -0.45293, -0.661422, -0.0, 0.475227, 0.464247, -0.747423, 0.39386, 0.64559, -0.761151, -0.062289, 0.0, 0.0, 0.0, 0.0, 1.0],
                [-0.563317, -0.462017, -0.684998, -0.0, 0.53221, 0.431265, -0.728539, 0.393861, 0.632011, -0.774966, 0.002951, -0.0, 0.0, 0.0, 0.0, 1.0],
                [-0.647453, -0.617201, -0.447082, 0.0, 0.449345, 0.164673, -0.878051, 0.39386, 0.615553, -0.769395, 0.170716, 0.0, 0.0, 0.0, 0.0, 1.0],
                [-0.563317, -0.462017, -0.684998, -0.0, 0.53221, 0.431265, -0.728539, 0.393861, 0.63201, -0.774966, 0.002951, -0.0, 0.0, 0.0, 0.0, 1.0],
                [-0.597816, -0.45293, -0.661422, -0.0, 0.475227, 0.464247, -0.747423, 0.39386, 0.64559, -0.761151, -0.062289, 0.0, 0.0, 0.0, 0.0, 1.0]
            ]
        },
        {
            "name": "Hand_R",
            "time": [0.0, 0.1667, 0.3833, 0.5667, 0.7833],
            "transform": [
                [0.999999, -4e-06, 4e-06, -0.0, 3e-06, -0.107578, -0.994035, 0.300003, 4e-06, 0.994336, -0.107547, 0.0, 0.0, 0.0, 0.0, 1.0],
                [0.999999, 0.0, 0.0, 0.0, 0.0, -0.193131, -0.981027, 0.300003, -0.0, 0.981303, -0.193081, 0.0, 0.0, 0.0, 0.0, 1.0],
                [0.999998, -7e-06, 5e-06, 0.0, 6e-06, 0.324473, -0.945754, 0.300002, 5e-06, 0.946041, 0.324383, 0.0, 0.0, 0.0, 0.0, 1.0],
                [0.999999, 0.0, 0.0, 0.0, 0.0, -0.193131, -0.981027, 0.300003, -0.0, 0.981303, -0.193081, -0.0, 0.0, 0.0, 0.0, 1.0],
                [0.999999, -4e-06, 4e-06, -0.0, 3e-06, -0.107578, -0.994035, 0.300003, 4e-06, 0.994336, -0.107547, 0.0, 0.0, 0.0, 0.0, 1.0]
            ]
        },
        {
            "name": "Tool_R",
            "time": [0.0, 0.1667, 0.3833, 0.5667, 0.7833],
            "transform": [
                [0.927555, 0.372402, -0.030978, -0.040623, -0.019874, -0.033619, -0.999238, 0.22133, -0.37316, 0.927463, -0.023782, -0.029314, 0.0, 0.0, 0.0, 1.0],
                [0.927555, 0.372402, -0.030978, -0.040623, -0.019874, -0.033619, -0.999238, 0.221329, -0.37316, 0.927463, -0.023782, -0.029314, 0.0, 0.0, 0.0, 1.0],
                [0.927555, 0.372402, -0.030978, -0.040623, -0.019874, -0.033619, -0.999238, 0.221329, -0.37316, 0.927463, -0.023782, -0.029314, 0.0, 0.0, 0.0, 1.0],
                [0.927555, 0.372402, -0.030978, -0.040623, -0.019874, -0.033619, -0.999238, 0.221329, -0.37316, 0.927463, -0.023782, -0.029315, 0.0, 0.0, 0.0, 1.0],
                [0.927555, 0.372402, -0.030978, -0.040623, -0.019874, -0.033619, -0.999238, 0.22133, -0.37316, 0.927463, -0.023782, -0.029314, 0.0, 0.0, 0.0, 1.0]
            ]
        },
        {
            "name": "Elbow_R",
            "time": [0.0, 0.7833],
            "transform": [
                [-1.0, 0.0, 0.0, 0.0, 0.0, 0.003946, -0.999992, 0.447206, -0.0, -0.999992, -0.003946, -0.000671, 0.0, 0.0, 0.0, 1.0],
                [-1.0, 0.0, 0.0, 0.0, 0.0, 0.003946, -0.999992, 0.447206, -0.0, -0.999992, -0.003946, -0.000671, 0.0, 0.0, 0.0, 1.0]
            ]
        },
        {
            "name": "Shoulder_L",
            "time": [0.0, 0.1667, 0.3833, 0.5667, 0.7833],
            "transform": [
                [0.0, -0.952114, -0.305744, 0.0, 0.0, -0.305744, 0.952114, 0.4, -1.0, -0.0, -0.0, 0.0, 0.0, 0.0, 0.0, 1.0],
                [0.0, -0.952114, -0.305744, 0.0, 0.0, -0.305744, 0.952114, 0.4, -1.0, -0.0, -0.0, 0.0, 0.0, 0.0, 0.0, 1.0],
                [0.0, -0.952114, -0.305744, -0.0, 0.0, -0.305744, 0.952114, 0.4, -1.0, -0.0, -0.0, -0.0, 0.0, 0.0, 0.0, 1.0],
                [0.0, -0.952114, -0.305744, 0.0, 0.0, -0.305744, 0.952114, 0.4, -1.0, -0.0, -0.0, 0.0, 0.0, 0.0, 0.0, 1.0],
                [0.0, -0.952114, -0.305744, 0.0, 0.0, -0.305744, 0.952114, 0.4, -1.0, -0.0, -0.0, 0.0, 0.0, 0.0, 0.0, 1.0]
            ]
        },
        {
            "name": "Arm_L",
            "time": [0.0, 0.1667, 0.3833, 0.5667, 0.7833],
            "transform": [
                [-0.418728, 0.895662, 0.149834, -0.0, -0.39103, -0.02892, -0.919917, 0.39386, -0.819597, -0.443791, 0.362343, -0.0, 0.0, 0.0, 0.0, 1.0],
                [-0.330072, 0.941774, 0.064109, -0.0, -0.360995, -0.063188, -0.930419, 0.39386, -0.872188, -0.330253, 0.360834, -0.0, 0.0, 0.0, 0.0, 1.0],
                [-0.249354, 0.913018, 0.322825, -0.0, -0.455633, 0.183542, -0.871032, 0.39386, -0.854515, -0.36429, 0.370238, -0.0, 0.0, 0.0, 0.0, 1.0],
                [-0.330072, 0.941774, 0.064109, -0.0, -0.360995, -0.063188, -0.930419, 0.39386, -0.872188, -0.330253, 0.360834, -0.0, 0.0, 0.0, 0.0, 1.0],
                [-0.418728, 0.895662, 0.149834, -0.0, -0.39103, -0.02892, -0.919917, 0.39386, -0.819597, -0.443791, 0.362343, -0.0, 0.0, 0.0, 0.0, 1.0]
            ]
        },
        {
            "name": "Hand_L",
            "time": [0.0, 0.1667, 0.3833, 0.5667, 0.7833],
            "transform": [
                [1.000003, -4e-06, 1e-06, 0.0, 4e-06, 0.78943, -0.613839, 0.300002, 1e-06, 0.613839, 0.789436, 0.0, 0.0, 0.0, 0.0, 1.0],
                [1.000004, 4e-06, -2e-06, -0.0, -4e-06, 0.765771, -0.643111, 0.300003, -2e-06, 0.643108, 0.76578, -0.0, 0.0, 0.0, 0.0, 1.0],
                [1.000003, 0.0, -0.0, -0.0, 0.0, 0.756316, -0.654206, 0.300002, -0.0, 0.654206, 0.756321, 0.0, 0.0, 0.0, 0.0, 1.0],
                [1.000004, 4e-06, -2e-06, -0.0, -4e-06, 0.765771, -0.643111, 0.300003, -2e-06, 0.643108, 0.76578, -0.0, 0.0, 0.0, 0.0, 1.0],
                [1.000003, -4e-06, 1e-06, 0.0, 4e-06, 0.78943, -0.613839, 0.300002, 1e-06, 0.613839, 0.789436, 0.0, 0.0, 0.0, 0.0, 1.0]
            ]
        },
        {
            "name": "Tool_L",
            "time": [0.0, 0.7833],
            "transform": [
                [1.0, 0.0, 0.0, -0.0, 0.0, -0.973887, -0.227034, 0.271711, 0.0, 0.227034, -0.973887, -0.028915, 0.0, 0.0, 0.0, 1.0],
                [1.0, 0.0, 0.0, -0.0, 0.0, -0.973887, -0.227034, 0.271711, 0.0, 0.227034, -0.973887, -0.028915, 0.0, 0.0, 0.0, 1.0]
            ]
        },
        {
            "name": "Elbow_L",
            "time": [0.0, 0.7833],
            "transform": [
                [-1.0, 0.0, -0.0, 0.0, 0.0, 0.003946, -0.999992, 0.361133, -0.0, -0.999993, -0.003946, -0.001011, 0.0, 0.0, 0.0, 1.0],
                [-1.0, 0.0, -0.0, 0.0, 0.0, 0.003946, -0.999992, 0.361133, -0.0, -0.999993, -0.003946, -0.001011, 0.0, 0.0, 0.0, 1.0]
            ]
        }
    ]
}