{
    "animation": [
        {
            "name": "Root",
            "time": [0.0, 1.0, 2.0],
            "transform": [
                [1.0, 0.0, 0.0, -5e-06, 0.0, 0.0, -1.0, 0.000946, 0.0, 1.0, 0.0, 0.763972, 0.0, 0.0, 0.0, 1.0],
                [1.0, 0.0, 0.0, -5e-06, 0.0, 0.0, -1.0, 0.000946, 0.0, 1.0, 0.0, 0.763972, 0.0, 0.0, 0.0, 1.0],
                [1.0, 0.0, 0.0, -5e-06, 0.0, 0.0, -1.0, 0.000946, 0.0, 1.0, 0.0, 0.763972, 0.0, 0.0, 0.0, 1.0]
            ]
        },
        {
            "name": "Thigh_R",
            "time": [0.0, 1.0, 2.0],
            "transform": [
                [1.0, -0.0, 0.0, 0.124994, -0.0, -0.999943, 0.010774, -0.002831, 0.0, -0.010774, -0.999945, -1.2e-05, 0.0, 0.0, 0.0, 1.0],
                [1.0, -0.0, 0.0, 0.124994, -0.0, -0.999942, 0.01086, -0.002831, 0.0, -0.01086, -0.999944, -1.2e-05, 0.0, 0.0, 0.0, 1.0],
                [1.0, -0.0, 0.0, 0.124994, -0.0, -0.999943, 0.010774, -0.002831, 0.0, -0.010774, -0.999945, -1.2e-05, 0.0, 0.0, 0.0, 1.0]
            ]
        },
        {
            "name": "Leg_R",
            "time": [0.0, 1.0, 2.0],
            "transform": [
                [1.0, -0.0, 1e-06, 0.0, -0.0, 0.999847, 0.021536, 0.374726, -1e-06, -0.02154, 0.999677, -0.0, 0.0, 0.0, 0.0, 1.0],
                [1.0, -0.0, 1e-06, 0.0, -0.0, 0.999845, 0.021708, 0.374726, -1e-06, -0.021712, 0.999671, -0.0, 0.0, 0.0, 0.0, 1.0],
                [1.0, -0.0, 1e-06, 0.0, -0.0, 0.999847, 0.021536, 0.374726, -1e-06, -0.02154, 0.999677, -0.0, 0.0, 0.0, 0.0, 1.0]
            ]
        },
        {
            "name": "Knee_R",
            "time": [0.0, 2.0],
            "transform": [
                [1.0, 0.0, -0.0, -0.0, -0.0, 0.00567, -0.999984, 0.374726, -0.0, 0.999984, 0.00567, -0.0, 0.0, 0.0, 0.0, 1.0],
                [1.0, 0.0, -0.0, -0.0, -0.0, 0.00567, -0.999984, 0.374726, -0.0, 0.999984, 0.00567, -0.0, 0.0, 0.0, 0.0, 1.0]
            ]
        },
        {
            "name": "Thigh_L",
            "time": [0.0, 1.0, 2.0],
            "transform": [
                [1.0, -0.0, 0.0, -0.125006, -0.0, -0.999974, 0.007518, -0.002833, 0.0, -0.007519, -0.999974, -1.2e-05, 0.0, 0.0, 0.0, 1.0],
                [1.0, -0.0, 0.0, -0.125006, -0.0, -0.999974, 0.007498, -0.002833, 0.0, -0.007498, -0.999974, -1.2e-05, 0.0, 0.0, 0.0, 1.0],
                [1.0, -0.0, 0.0, -0.125006, -0.0, -0.999974, 0.007518, -0.002833, 0.0, -0.007519, -0.999974, -1.2e-05, 0.0, 0.0, 0.0, 1.0]
            ]
        },
        {
            "name": "Leg_L",
            "time": [0.0, 1.0, 2.0],
            "transform": [
                [1.0, -0.0, 1e-06, -0.0, -0.0, 0.999899, 0.015031, 0.374726, -1e-06, -0.015031, 0.999866, 0.0, 0.0, 0.0, 0.0, 1.0],
                [1.0, -0.0, 1e-06, -0.0, -0.0, 0.999899, 0.01499, 0.374726, -1e-06, -0.01499, 0.999867, -0.0, 0.0, 0.0, 0.0, 1.0],
                [1.0, -0.0, 1e-06, -0.0, -0.0, 0.999899, 0.015031, 0.374726, -1e-06, -0.015031, 0.999866, 0.0, 0.0, 0.0, 0.0, 1.0]
            ]
        },
        {
            "name": "Knee_L",
            "time": [0.0, 2.0],
            "transform": [
                [1.0, 0.0, -0.0, -0.0, -0.0, 0.00567, -0.999984, 0.374726, -0.0, 0.999984, 0.00567, -0.0, 0.0, 0.0, 0.0, 1.0],
                [1.0, 0.0, -0.0, -0.0, -0.0, 0.00567, -0.999984, 0.374726, -0.0, 0.999984, 0.00567, -0.0, 0.0, 0.0, 0.0, 1.0]
            ]
        },
        {
            "name": "Torso",
            "time": [0.0, 1.0, 2.0],
            "transform": [
                [1.0, 0.0, 0.0, 0.0, 0.0, 1.0, 0.0, 0.05, 0.0, 0.0, 1.0, 0.0, 0.0, 0.0, 0.0, 1.0],
                [1.0, 0.0, 0.0, 0.0, 0.0, 1.0, 0.0, 0.05, 0.0, 0.0, 1.0, 0.0, 0.0, 0.0, 0.0, 1.0],
                [1.0, 0.0, 0.0, 0.0, 0.0, 1.0, 0.0, 0.05, 0.0, 0.0, 1.0, 0.0, 0.0, 0.0, 0.0, 1.0]
            ]
        },
        {
            "name": "Chest",
            "time": [0.0, 1.0, 2.0],
            "transform": [
                [0.683932, 0.131046, -0.71768, 0.0, 0.021191, 0.979751, 0.199094, 0.3, 0.729238, -0.151375, 0.667306, 0.0, 0.0, 0.0, 0.0, 1.0],
                [0.618742, 0.14167, -0.772714, 0.0, 0.034086, 0.977837, 0.206571, 0.3, 0.784854, -0.154153, 0.600201, 0.0, 0.0, 0.0, 0.0, 1.0],
                [0.683932, 0.131046, -0.71768, 0.0, 0.021191, 0.979751, 0.199094, 0.3, 0.729238, -0.151375, 0.667306, 0.0, 0.0, 0.0, 0.0, 1.0]
            ]
        },
        {
            "name": "Head",
            "time": [0.0, 1.0, 2.0],
            "transform": [
                [0.683778, 0.015623, 0.729523, -0.0, 0.140233, 0.978322, -0.152391, 0.4, -0.716089, 0.206505, 0.666764, -0.0, 0.0, 0.0, 0.0, 1.0],
                [0.684372, 0.079092, 0.724832, 0.0, 0.140113, 0.961307, -0.237187, 0.4, -0.715546, 0.263883, 0.646809, -0.0, 0.0, 0.0, 0.0, 1.0],
                [0.683778, 0.015623, 0.729523, -0.0, 0.140233, 0.978322, -0.152391, 0.4, -0.716089, 0.206505, 0.666764, -0.0, 0.0, 0.0, 0.0, 1.0]
            ]
        },
        {
            "name": "Shoulder_R",
            "time": [0.0, 1.0, 2.0],
            "transform": [
                [-0.0, 0.952115, 0.305744, -0.0, 0.0, -0.305743, 0.952115, 0.4, 1.000001, 0.0, -0.0, -0.0, 0.0, 0.0, 0.0, 1.0],
                [-0.0, 0.952115, 0.305744, 0.0, 0.0, -0.305743, 0.952115, 0.4, 1.000002, 0.0, 0.0, -0.0, 0.0, 0.0, 0.0, 1.0],
                [-0.0, 0.952115, 0.305744, -0.0, 0.0, -0.305743, 0.952115, 0.4, 1.000001, 0.0, -0.0, -0.0, 0.0, 0.0, 0.0, 1.0]
            ]
        },
        {
            "name": "Arm_R",
            "time": [0.0, 1.0, 2.0],
            "transform": [
                [-0.617919, -0.747574, -0.243568, 0.0, 0.424308, -0.056257, -0.90377, 0.393861, 0.661928, -0.661808, 0.351959, -0.0, 0.0, 0.0, 0.0, 1.0],
                [-0.654201, -0.749712, -0.099849, 0.0, 0.356731, -0.18945, -0.914797, 0.39386, 0.666914, -0.634083, 0.391379, 0.0, 0.0, 0.0, 0.0, 1.0],
                [-0.617919, -0.747574, -0.243568, 0.0, 0.424308, -0.056257, -0.90377, 0.393861, 0.661928, -0.661808, 0.351959, -0.0, 0.0, 0.0, 0.0, 1.0]
            ]
        },
        {
            "name": "Hand_R",
            "time": [0.0, 1.0, 2.0],
            "transform": [
                [0.999999, 6e-06, -3e-06, -0.0, -6e-06, 0.537766, -0.84301, 0.300003, -3e-06, 0.843228, 0.53764, 0.0, 0.0, 0.0, 0.0, 1.0],
                [0.999998, -3e-06, 1e-06, 0.0, 3e-06, 0.609163, -0.79298, 0.300003, 1e-06, 0.793194, 0.609012, 0.0, 0.0, 0.0, 0.0, 1.0],
                [0.999999, 6e-06, -3e-06, -0.0, -6e-06, 0.537766, -0.84301, 0.300003, -3e-06, 0.843228, 0.53764, 0.0, 0.0, 0.0, 0.0, 1.0]
            ]
        },
        {
            "name": "Tool_R",
            "time": [0.0, 1.0, 2.0],
            "transform": [
                [0.927555, 0.372402, -0.030978, -0.040623, -0.019874, -0.033619, -0.999238, 0.221329, -0.37316, 0.927463, -0.023782, -0.029314, 0.0, 0.0, 0.0, 1.0],
                [0.927555, 0.372402, -0.030978, -0.040623, -0.019874, -0.033619, -0.999238, 0.221329, -0.37316, 0.927463, -0.023782, -0.029314, 0.0, 0.0, 0.0, 1.0],
                [0.927555, 0.372402, -0.030978, -0.040623, -0.019874, -0.033619, -0.999238, 0.221329, -0.37316, 0.927463, -0.023782, -0.029314, 0.0, 0.0, 0.0, 1.0]
            ]
        },
        {
            "name": "Elbow_R",
            "time": [0.0, 2.0],
            "transform": [
                [-1.0, 0.0, -0.0, -0.0, 0.0, 0.003946, -0.999992, 0.393196, -0.0, -0.999992, -0.003946, -0.000885, 0.0, 0.0, 0.0, 1.0],
                [-1.0, 0.0, -0.0, -0.0, 0.0, 0.003946, -0.999992, 0.393196, -0.0, -0.999992, -0.003946, -0.000885, 0.0, 0.0, 0.0, 1.0]
            ]
        },
        {
            "name": "Shoulder_L",
            "time": [0.0, 1.0, 2.0],
            "transform": [
                [0.0, -0.952114, -0.305744, -0.0, 0.0, -0.305744, 0.952114, 0.4, -1.0, -0.0, -0.0, -0.0, 0.0, 0.0, 0.0, 1.0],
                [0.0, -0.952114, -0.305744, 0.0, 0.0, -0.305744, 0.952114, 0.4, -1.0, -0.0, -0.0, -0.0, 0.0, 0.0, 0.0, 1.0],
                [0.0, -0.952114, -0.305744, -0.0, 0.0, -0.305744, 0.952114, 0.4, -1.0, -0.0, -0.0, -0.0, 0.0, 0.0, 0.0, 1.0]
            ]
        },
        {
            "name": "Arm_L",
            "time": [0.0, 1.0, 2.0],
            "transform": [
                [-0.249715, 0.934907, 0.252167, -0.0, -0.592747, 0.058334, -0.803265, 0.39386, -0.765683, -0.350063, 0.5396, 0.0, 0.0, 0.0, 0.0, 1.0],
                [-0.154819, 0.848515, 0.506012, -0.0, -0.616347, 0.317331, -0.720698, 0.39386, -0.772092, -0.423462, 0.473854, 0.0, 0.0, 0.0, 0.0, 1.0],
                [-0.249715, 0.934907, 0.252167, -0.0, -0.592747, 0.058334, -0.803265, 0.39386, -0.765683, -0.350063, 0.5396, 0.0, 0.0, 0.0, 0.0, 1.0]
            ]
        },
        {
            "name": "Hand_L",
            "time": [0.0, 1.0, 2.0],
            "transform": [
                [1.000003, 0.0, 0.0, 0.0, 0.0, 0.955772, -0.294093, 0.300003, -0.0, 0.294091, 0.955784, -0.0, 0.0, 0.0, 0.0, 1.0],
                [1.000004, 0.0, -0.0, -0.0, 0.0, 0.745239, -0.666798, 0.300002, -0.0, 0.666797, 0.745244, 0.0, 0.0, 0.0, 0.0, 1.0],
                [1.000003, 0.0, 0.0, 0.0, 0.0, 0.955772, -0.294093, 0.300003, -0.0, 0.294091, 0.955784, -0.0, 0.0, 0.0, 0.0, 1.0]
            ]
        },
        {
            "name": "Tool_L",
            "time": [0.0, 2.0],
            "transform": [
                [1.0, -0.0, 0.0, -0.0, 0.0, -0.973887, -0.227034, 0.271711, 0.0, 0.227034, -0.973887, -0.028915, 0.0, 0.0, 0.0, 1.0],
                [1.0, -0.0, 0.0, -0.0, 0.0, -0.973887, -0.227034, 0.271711, 0.0, 0.227034, -0.973887, -0.028915, 0.0, 0.0, 0.0, 1.0]
            ]
        },
        {
            "name": "Elbow_L",
            "time": [0.0, 2.0],
            "transform": [
                [-1.0, 0.0, 0.0, 0.0, 0.0, 0.003946, -0.999992, 0.327171, -0.0, -0.999992, -0.003946, -0.001145, 0.0, 0.0, 0.0, 1.0],
                [-1.0, 0.0, 0.0, 0.0, 0.0, 0.003946, -0.999992, 0.327171, -0.0, -0.999992, -0.003946, -0.001145, 0.0, 0.0, 0.0, 1.0]
            ]
        }
    ]
}