{
    "animation": [
        {
            "name": "Root",
            "time": [0.0, 1.0, 2.0],
            "transform": [
                [1.0, 0.0, 0.0, -5e-06, 0.0, 0.0, -1.0, 0.000946, 0.0, 1.0, 0.0, 0.763972, 0.0, 0.0, 0.0, 1.0],
                [1.0, 0.0, 0.0, -5e-06, 0.0, 0.0, -1.0, 0.000946, 0.0, 1.0, 0.0, 0.763972, 0.0, 0.0, 0.0, 1.0],
                [1.0, 0.0, 0.0, -5e-06, 0.0, 0.0, -1.0, 0.000946, 0.0, 1.0, 0.0, 0.763972, 0.0, 0.0, 0.0, 1.0]
            ]
        },
        {
            "name": "Thigh_R",
            "time": [0.0, 1.0, 2.0],
            "transform": [
                [1.0, -0.0, 0.0, 0.124994, -0.0, -0.999941, 0.011007, -0.002831, 0.0, -0.011007, -0.999943, -1.2e-05, 0.0, 0.0, 0.0, 1.0],
                [1.0, -0.0, 0.0, 0.124994, -0.0, -0.999938, 0.011241, -0.002831, 0.0, -0.011241, -0.99994, -1.2e-05, 0.0, 0.0, 0.0, 1.0],
                [1.0, -0.0, 0.0, 0.124994, -0.0, -0.999941, 0.011007, -0.002831, 0.0, -0.011007, -0.999943, -1.2e-05, 0.0, 0.0, 0.0, 1.0]
            ]
        },
        {
            "name": "Leg_R",
            "time": [0.0, 1.0, 2.0],
            "transform": [
                [1.0, -0.0, 1e-06, 0.0, -0.0, 0.999841, 0.022002, 0.374726, -1e-06, -0.022006, 0.99966, -0.0, 0.0, 0.0, 0.0, 1.0],
                [1.0, -0.0, 1e-06, 0.0, -0.0, 0.999836, 0.022469, 0.374726, -1e-06, -0.022473, 0.999643, -0.0, 0.0, 0.0, 0.0, 1.0],
                [1.0, -0.0, 1e-06, 0.0, -0.0, 0.999841, 0.022002, 0.374726, -1e-06, -0.022006, 0.99966, -0.0, 0.0, 0.0, 0.0, 1.0]
            ]
        },
        {
            "name": "Knee_R",
            "time": [0.0, 2.0],
            "transform": [
                [1.0, 0.0, -0.0, -0.0, -0.0, 0.00567, -0.999984, 0.374726, -0.0, 0.999984, 0.00567, 0.0, 0.0, 0.0, 0.0, 1.0],
                [1.0, 0.0, -0.0, -0.0, -0.0, 0.00567, -0.999984, 0.374726, -0.0, 0.999984, 0.00567, 0.0, 0.0, 0.0, 0.0, 1.0]
            ]
        },
        {
            "name": "Thigh_L",
            "time": [0.0, 1.0, 2.0],
            "transform": [
                [1.0, -0.0, 0.0, -0.125006, -0.0, -0.999974, 0.007539, -0.002833, 0.0, -0.007539, -0.999974, -1.2e-05, 0.0, 0.0, 0.0, 1.0],
                [1.0, -0.0, 0.0, -0.125006, -0.0, -0.999974, 0.007598, -0.002834, 0.0, -0.007598, -0.999974, -1.2e-05, 0.0, 0.0, 0.0, 1.0],
                [1.0, -0.0, 0.0, -0.125006, -0.0, -0.999974, 0.007539, -0.002833, 0.0, -0.007539, -0.999974, -1.2e-05, 0.0, 0.0, 0.0, 1.0]
            ]
        },
        {
            "name": "Leg_L",
            "time": [0.0, 1.0, 2.0],
            "transform": [
                [1.0, -0.0, 1e-06, -0.0, -0.0, 0.999898, 0.015072, 0.374726, -1e-06, -0.015073, 0.999865, 0.0, 0.0, 0.0, 0.0, 1.0],
                [1.0, -0.0, 1e-06, -0.0, -0.0, 0.999896, 0.015189, 0.374726, -1e-06, -0.01519, 0.999863, -0.0, 0.0, 0.0, 0.0, 1.0],
                [1.0, -0.0, 1e-06, -0.0, -0.0, 0.999898, 0.015072, 0.374726, -1e-06, -0.015073, 0.999865, 0.0, 0.0, 0.0, 0.0, 1.0]
            ]
        },
        {
            "name": "Knee_L",
            "time": [0.0, 2.0],
            "transform": [
                [1.0, 0.0, -0.0, -0.0, -0.0, 0.00567, -0.999984, 0.374726, -0.0, 0.999984, 0.00567, -0.0, 0.0, 0.0, 0.0, 1.0],
                [1.0, 0.0, -0.0, -0.0, -0.0, 0.00567, -0.999984, 0.374726, -0.0, 0.999984, 0.00567, -0.0, 0.0, 0.0, 0.0, 1.0]
            ]
        },
        {
            "name": "Torso",
            "time": [0.0, 1.0, 2.0],
            "transform": [
                [1.0, 0.0, 0.0, 0.0, 0.0, 0.906308, 0.422618, 0.05, 0.0, -0.422618, 0.906308, 0.0, 0.0, 0.0, 0.0, 1.0],
                [1.0, 0.0, 0.0, 0.0, 0.0, 0.906308, 0.422618, 0.05, 0.0, -0.422618, 0.906308, 0.0, 0.0, 0.0, 0.0, 1.0],
                [1.0, 0.0, 0.0, 0.0, 0.0, 0.906308, 0.422618, 0.05, 0.0, -0.422618, 0.906308, 0.0, 0.0, 0.0, 0.0, 1.0]
            ]
        },
        {
            "name": "Chest",
            "time": [0.0, 1.0, 2.0],
            "transform": [
                [0.877443, 0.303859, -0.371164, 0.0, 0.069254, 0.685419, 0.724848, 0.3, 0.474655, -0.661717, 0.580373, -0.0, 0.0, 0.0, 0.0, 1.0],
                [0.877443, 0.303859, -0.371164, 0.0, 0.110359, 0.625138, 0.772673, 0.3, 0.466813, -0.718938, 0.51499, -0.0, 0.0, 0.0, 0.0, 1.0],
                [0.877443, 0.303859, -0.371164, 0.0, 0.069254, 0.685419, 0.724848, 0.3, 0.474655, -0.661717, 0.580373, -0.0, 0.0, 0.0, 0.0, 1.0]
            ]
        },
        {
            "name": "Head",
            "time": [0.0, 1.0, 2.0],
            "transform": [
                [0.879682, 0.255621, 0.401022, -0.0, 0.307419, 0.337722, -0.889628, 0.4, -0.362841, 0.905872, 0.218505, -0.0, 0.0, 0.0, 0.0, 1.0],
                [0.880009, 0.289532, 0.376505, 0.0, 0.306697, 0.258882, -0.915925, 0.4, -0.36266, 0.921495, 0.139019, 0.0, 0.0, 0.0, 0.0, 1.0],
                [0.879682, 0.255621, 0.401022, -0.0, 0.307419, 0.337722, -0.889628, 0.4, -0.362841, 0.905872, 0.218505, -0.0, 0.0, 0.0, 0.0, 1.0]
            ]
        },
        {
            "name": "Shoulder_R",
            "time": [0.0, 1.0, 2.0],
            "transform": [
                [-0.0, 0.952114, 0.305744, -0.0, 0.0, -0.305743, 0.952115, 0.4, 1.000001, 0.0, 0.0, -0.0, 0.0, 0.0, 0.0, 1.0],
                [-0.0, 0.952115, 0.305744, 0.0, -0.0, -0.305743, 0.952115, 0.4, 1.000002, 0.0, 0.0, 0.0, 0.0, 0.0, 0.0, 1.0],
                [-0.0, 0.952114, 0.305744, -0.0, 0.0, -0.305743, 0.952115, 0.4, 1.000001, 0.0, 0.0, -0.0, 0.0, 0.0, 0.0, 1.0]
            ]
        },
        {
            "name": "Arm_R",
            "time": [0.0, 1.0, 2.0],
            "transform": [
                [-0.462092, -0.321921, -0.826344, 0.0, 0.692435, 0.451213, -0.562983, 0.393861, 0.554091, -0.832344, 0.014407, -0.0, 0.0, 0.0, 0.0, 1.0],
                [-0.44602, -0.515358, -0.731767, 0.0, 0.69475, 0.316103, -0.646072, 0.393861, 0.56427, -0.796558, 0.217055, 0.0, 0.0, 0.0, 0.0, 1.0],
                [-0.462092, -0.321921, -0.826344, 0.0, 0.692435, 0.451213, -0.562983, 0.393861, 0.554091, -0.832344, 0.014407, -0.0, 0.0, 0.0, 0.0, 1.0]
            ]
        },
        {
            "name": "Hand_R",
            "time": [0.0, 1.0, 2.0],
            "transform": [
                [0.999998, -4e-06, 7e-06, 0.0, 4e-06, -0.558721, -0.829266, 0.300003, 7e-06, 0.829523, -0.558559, -0.0, 0.0, 0.0, 0.0, 1.0],
                [0.999998, -2e-06, 4e-06, -0.0, 2e-06, -0.430066, -0.902657, 0.300003, 4e-06, 0.902976, -0.429921, 0.0, 0.0, 0.0, 0.0, 1.0],
                [0.999998, -4e-06, 7e-06, 0.0, 4e-06, -0.558721, -0.829266, 0.300003, 7e-06, 0.829523, -0.558559, -0.0, 0.0, 0.0, 0.0, 1.0]
            ]
        },
        {
            "name": "Tool_R",
            "time": [0.0, 1.0, 2.0],
            "transform": [
                [0.999915, -0.005278, -0.011966, -0.021091, -0.000616, 0.894931, -0.446207, 0.317723, 0.013064, 0.446176, 0.894852, 0.121489, 0.0, 0.0, 0.0, 1.0],
                [0.999915, -0.005278, -0.011966, -0.021091, -0.000616, 0.894931, -0.446207, 0.317723, 0.013064, 0.446176, 0.894852, 0.121489, 0.0, 0.0, 0.0, 1.0],
                [0.999915, -0.005278, -0.011966, -0.021091, -0.000616, 0.894931, -0.446207, 0.317723, 0.013064, 0.446176, 0.894852, 0.121489, 0.0, 0.0, 0.0, 1.0]
            ]
        },
        {
            "name": "Elbow_R",
            "time": [0.0, 2.0],
            "transform": [
                [-1.0, 0.0, -0.0, -0.0, 0.0, 0.003946, -0.999992, 0.447206, -0.0, -0.999993, -0.003946, -0.000671, 0.0, 0.0, 0.0, 1.0],
                [-1.0, 0.0, -0.0, 0.0, 0.0, 0.003946, -0.999992, 0.447206, -0.0, -0.999993, -0.003947, -0.000671, 0.0, 0.0, 0.0, 1.0]
            ]
        },
        {
            "name": "Shoulder_L",
            "time": [0.0, 1.0, 2.0],
            "transform": [
                [0.0, -0.952114, -0.305744, -0.0, -0.0, -0.305744, 0.952115, 0.4, -1.0, -0.0, -0.0, -0.0, 0.0, 0.0, 0.0, 1.0],
                [0.0, -0.952114, -0.305744, 0.0, 0.0, -0.305744, 0.952115, 0.4, -1.0, -0.0, -0.0, 0.0, 0.0, 0.0, 0.0, 1.0],
                [0.0, -0.952114, -0.305744, -0.0, -0.0, -0.305744, 0.952115, 0.4, -1.0, -0.0, -0.0, -0.0, 0.0, 0.0, 0.0, 1.0]
            ]
        },
        {
            "name": "Arm_L",
            "time": [0.0, 1.0, 2.0],
            "transform": [
                [-0.285501, 0.883379, -0.371652, 0.0, 0.025916, -0.380536, -0.924398, 0.39386, -0.958016, -0.273552, 0.08575, 0.0, 0.0, 0.0, 0.0, 1.0],
                [-0.165168, 0.925735, -0.340189, 0.0, 0.059991, -0.334859, -0.940351, 0.39386, -0.984426, -0.175727, -0.000229, 0.0, 0.0, 0.0, 0.0, 1.0],
                [-0.285501, 0.883379, -0.371652, 0.0, 0.025916, -0.380536, -0.924398, 0.39386, -0.958016, -0.273552, 0.08575, 0.0, 0.0, 0.0, 0.0, 1.0]
            ]
        },
        {
            "name": "Hand_L",
            "time": [0.0, 1.0, 2.0],
            "transform": [
                [1.000004, -0.0, 0.0, 0.0, 0.0, 0.978464, -0.206399, 0.300003, -0.0, 0.206398, 0.978474, -0.0, 0.0, 0.0, 0.0, 1.0],
                [1.000003, -0.0, 0.0, -0.0, 0.0, 0.958236, -0.285973, 0.300003, 0.0, 0.285972, 0.958245, -0.0, 0.0, 0.0, 0.0, 1.0],
                [1.000004, -0.0, 0.0, 0.0, 0.0, 0.978464, -0.206399, 0.300003, -0.0, 0.206398, 0.978474, -0.0, 0.0, 0.0, 0.0, 1.0]
            ]
        },
        {
            "name": "Tool_L",
            "time": [0.0, 2.0],
            "transform": [
                [1.0, -0.0, 0.0, -0.0, -0.0, -0.973887, -0.227034, 0.271711, 0.0, 0.227034, -0.973887, -0.028915, 0.0, 0.0, 0.0, 1.0],
                [1.0, -0.0, 0.0, -0.0, -0.0, -0.973887, -0.227034, 0.271711, 0.0, 0.227034, -0.973887, -0.028915, 0.0, 0.0, 0.0, 1.0]
            ]
        },
        {
            "name": "Elbow_L",
            "time": [0.0, 2.0],
            "transform": [
                [-1.0, 0.0, -0.0, 0.0, 0.0, 0.003946, -0.999992, 0.31868, -0.0, -0.999993, -0.003946, -0.001179, 0.0, 0.0, 0.0, 1.0],
                [-1.0, 0.0, -0.0, 0.0, 0.0, 0.003946, -0.999992, 0.31868, -0.0, -0.999993, -0.003946, -0.001179, 0.0, 0.0, 0.0, 1.0]
            ]
        }
    ]
}