{
    "animation": [
        {
            "name": "Root",
            "time": [0.0, 1.0, 2.0],
            "transform": [
                [1.0, 0.0, 0.0, -5e-06, 0.0, 0.0, -1.0, 0.000946, 0.0, 1.0, 0.0, 0.763972, 0.0, 0.0, 0.0, 1.0],
                [1.0, 0.0, 0.0, -5e-06, 0.0, 0.0, -1.0, 0.000946, 0.0, 1.0, 0.0, 0.763972, 0.0, 0.0, 0.0, 1.0],
                [1.0, 0.0, 0.0, -5e-06, 0.0, 0.0, -1.0, 0.000946, 0.0, 1.0, 0.0, 0.763972, 0.0, 0.0, 0.0, 1.0]
            ]
        },
        {
            "name": "Thigh_R",
            "time": [0.0, 1.0, 2.0],
            "transform": [
                [1.0, -0.0, 0.0, 0.124994, -0.0, -0.999964, 0.008527, -0.002831, 0.0, -0.008528, -0.999966, -1.2e-05, 0.0, 0.0, 0.0, 1.0],
                [1.0, -0.0, 0.0, 0.124994, -0.0, -0.999964, 0.008527, -0.002831, 0.0, -0.008528, -0.999966, -1.2e-05, 0.0, 0.0, 0.0, 1.0],
                [1.0, -0.0, 0.0, 0.124994, -0.0, -0.999964, 0.008527, -0.002831, 0.0, -0.008528, -0.999966, -1.2e-05, 0.0, 0.0, 0.0, 1.0]
            ]
        },
        {
            "name": "Leg_R",
            "time": [0.0, 1.0, 2.0],
            "transform": [
                [1.0, -0.0, 1e-06, 0.0, -0.0, 0.999895, 0.017047, 0.374726, -1e-06, -0.017048, 0.999809, 0.0, 0.0, 0.0, 0.0, 1.0],
                [1.0, -0.0, 1e-06, 0.0, -0.0, 0.999895, 0.017047, 0.374726, -1e-06, -0.017048, 0.999809, 0.0, 0.0, 0.0, 0.0, 1.0],
                [1.0, -0.0, 1e-06, 0.0, -0.0, 0.999895, 0.017047, 0.374726, -1e-06, -0.017048, 0.999809, 0.0, 0.0, 0.0, 0.0, 1.0]
            ]
        },
        {
            "name": "Knee_R",
            "time": [0.0, 2.0],
            "transform": [
                [1.0, 0.0, -0.0, 0.0, -0.0, 0.00567, -0.999984, 0.374726, -0.0, 0.999984, 0.00567, 0.0, 0.0, 0.0, 0.0, 1.0],
                [1.0, 0.0, -0.0, 0.0, -0.0, 0.00567, -0.999984, 0.374726, -0.0, 0.999984, 0.00567, 0.0, 0.0, 0.0, 0.0, 1.0]
            ]
        },
        {
            "name": "Thigh_L",
            "time": [0.0, 1.0, 2.0],
            "transform": [
                [1.0, -0.0, 0.0, -0.125006, -0.0, -0.999978, 0.006655, -0.002832, 0.0, -0.006655, -0.999979, -1.2e-05, 0.0, 0.0, 0.0, 1.0],
                [1.0, -0.0, 0.0, -0.125006, -0.0, -0.999978, 0.006655, -0.002832, 0.0, -0.006655, -0.999979, -1.2e-05, 0.0, 0.0, 0.0, 1.0],
                [1.0, -0.0, 0.0, -0.125006, -0.0, -0.999978, 0.006655, -0.002832, 0.0, -0.006655, -0.999979, -1.2e-05, 0.0, 0.0, 0.0, 1.0]
            ]
        },
        {
            "name": "Leg_L",
            "time": [0.0, 1.0, 2.0],
            "transform": [
                [1.0, -0.0, 1e-06, -0.0, -0.0, 0.999919, 0.013304, 0.374726, -1e-06, -0.013304, 0.999903, -0.0, 0.0, 0.0, 0.0, 1.0],
                [1.0, -0.0, 1e-06, -0.0, -0.0, 0.999919, 0.013304, 0.374726, -1e-06, -0.013304, 0.999903, -0.0, 0.0, 0.0, 0.0, 1.0],
                [1.0, -0.0, 1e-06, -0.0, -0.0, 0.999919, 0.013304, 0.374726, -1e-06, -0.013304, 0.999903, -0.0, 0.0, 0.0, 0.0, 1.0]
            ]
        },
        {
            "name": "Knee_L",
            "time": [0.0, 2.0],
            "transform": [
                [1.0, 0.0, -0.0, -0.0, -0.0, 0.00567, -0.999984, 0.374726, -0.0, 0.999984, 0.00567, -0.0, 0.0, 0.0, 0.0, 1.0],
                [1.0, 0.0, -0.0, -0.0, -0.0, 0.00567, -0.999984, 0.374726, -0.0, 0.999984, 0.00567, -0.0, 0.0, 0.0, 0.0, 1.0]
            ]
        },
        {
            "name": "Torso",
            "time": [0.0, 1.0, 2.0],
            "transform": [
                [1.0, 0.0, 0.0, 0.0, 0.0, 0.965926, -0.258819, 0.05, 0.0, 0.258819, 0.965926, 0.0, 0.0, 0.0, 0.0, 1.0],
                [1.0, 0.0, 0.0, 0.0, 0.0, 0.965926, -0.258819, 0.05, 0.0, 0.258819, 0.965926, 0.0, 0.0, 0.0, 0.0, 1.0],
                [1.0, 0.0, 0.0, 0.0, 0.0, 0.965926, -0.258819, 0.05, 0.0, 0.258819, 0.965926, 0.0, 0.0, 0.0, 0.0, 1.0]
            ]
        },
        {
            "name": "Chest",
            "time": [0.0, 1.0, 2.0],
            "transform": [
                [0.852868, 0.173648, -0.492404, -0.0, -0.274669, 0.951251, -0.140278, 0.3, 0.444041, 0.254887, 0.858988, -0.0, 0.0, 0.0, 0.0, 1.0],
                [0.852868, 0.173648, -0.492404, -0.0, -0.234923, 0.969846, -0.064879, 0.3, 0.46629, 0.17101, 0.867945, -0.0, 0.0, 0.0, 0.0, 1.0],
                [0.852868, 0.173648, -0.492404, -0.0, -0.274669, 0.951251, -0.140278, 0.3, 0.444041, 0.254887, 0.858988, -0.0, 0.0, 0.0, 0.0, 1.0]
            ]
        },
        {
            "name": "Head",
            "time": [0.0, 1.0, 2.0],
            "transform": [
                [0.851686, -0.380236, 0.360627, 0.0, 0.172026, 0.852868, 0.492973, 0.4, -0.495013, -0.357821, 0.791787, 0.0, 0.0, 0.0, 0.0, 1.0],
                [0.851581, -0.347603, 0.392405, -0.0, 0.172277, 0.892539, 0.416768, 0.4, -0.495106, -0.287309, 0.819954, 0.0, 0.0, 0.0, 0.0, 1.0],
                [0.851686, -0.380236, 0.360627, 0.0, 0.172026, 0.852868, 0.492973, 0.4, -0.495013, -0.357821, 0.791787, 0.0, 0.0, 0.0, 0.0, 1.0]
            ]
        },
        {
            "name": "Shoulder_R",
            "time": [0.0, 1.0, 2.0],
            "transform": [
                [0.0, 0.952114, 0.305743, 0.0, 0.0, -0.305743, 0.952115, 0.4, 1.0, 0.0, -0.0, 0.0, 0.0, 0.0, 0.0, 1.0],
                [0.0, 0.952114, 0.305743, -0.0, 0.0, -0.305743, 0.952115, 0.4, 1.0, -0.0, -0.0, 0.0, 0.0, 0.0, 0.0, 1.0],
                [0.0, 0.952114, 0.305743, 0.0, 0.0, -0.305743, 0.952115, 0.4, 1.0, 0.0, -0.0, 0.0, 0.0, 0.0, 0.0, 1.0]
            ]
        },
        {
            "name": "Arm_R",
            "time": [0.0, 1.0, 2.0],
            "transform": [
                [-0.25841, -0.916543, -0.305254, 0.0, 0.40617, 0.183619, -0.895161, 0.393861, 0.876503, -0.355304, 0.324822, -0.0, 0.0, 0.0, 0.0, 1.0],
                [-0.234973, -0.915049, -0.327842, -0.0, 0.44304, 0.199386, -0.874049, 0.39386, 0.865164, -0.350626, 0.358552, 0.0, 0.0, 0.0, 0.0, 1.0],
                [-0.25841, -0.916543, -0.305254, 0.0, 0.40617, 0.183619, -0.895161, 0.393861, 0.876503, -0.355304, 0.324822, -0.0, 0.0, 0.0, 0.0, 1.0]
            ]
        },
        {
            "name": "Hand_R",
            "time": [0.0, 1.0, 2.0],
            "transform": [
                [1.000001, -6e-06, 5e-06, -0.0, 6e-06, 0.334365, -0.942423, 0.300003, 5e-06, 0.94247, 0.334351, 0.0, 0.0, 0.0, 0.0, 1.0],
                [1.0, -8e-06, 7e-06, 0.0, 8e-06, 0.229608, -0.97326, 0.300003, 7e-06, 0.97331, 0.229598, -0.0, 0.0, 0.0, 0.0, 1.0],
                [1.000001, -6e-06, 5e-06, -0.0, 6e-06, 0.334365, -0.942423, 0.300003, 5e-06, 0.94247, 0.334351, 0.0, 0.0, 0.0, 0.0, 1.0]
            ]
        },
        {
            "name": "Tool_R",
            "time": [0.0, 1.0, 2.0],
            "transform": [
                [0.801116, -0.380388, -0.462081, -0.04685, -0.121349, -0.859249, 0.496956, 0.353536, -0.586079, -0.342046, -0.734518, 0.019086, 0.0, 0.0, 0.0, 1.0],
                [0.801115, -0.380388, -0.462081, -0.04685, -0.121349, -0.859249, 0.496956, 0.353535, -0.586079, -0.342046, -0.734518, 0.019086, 0.0, 0.0, 0.0, 1.0],
                [0.801116, -0.380388, -0.462081, -0.04685, -0.121349, -0.859249, 0.496956, 0.353536, -0.586079, -0.342046, -0.734518, 0.019086, 0.0, 0.0, 0.0, 1.0]
            ]
        },
        {
            "name": "Elbow_R",
            "time": [0.0, 2.0],
            "transform": [
                [-1.0, 0.0, -0.0, -0.0, 0.0, 0.003946, -0.999992, 0.414449, -0.0, -0.999993, -0.003946, -0.0008, 0.0, 0.0, 0.0, 1.0],
                [-1.0, 0.0, -0.0, -0.0, 0.0, 0.003946, -0.999992, 0.414449, -0.0, -0.999993, -0.003946, -0.0008, 0.0, 0.0, 0.0, 1.0]
            ]
        },
        {
            "name": "Shoulder_L",
            "time": [0.0, 1.0, 2.0],
            "transform": [
                [-0.0, -0.952114, -0.305743, 0.0, 0.0, -0.305743, 0.952114, 0.4, -1.0, -0.0, 0.0, 0.0, 0.0, 0.0, 0.0, 1.0],
                [0.0, -0.952114, -0.305743, -0.0, 0.0, -0.305743, 0.952114, 0.4, -1.0, 0.0, 0.0, 0.0, 0.0, 0.0, 0.0, 1.0],
                [-0.0, -0.952114, -0.305743, 0.0, 0.0, -0.305743, 0.952114, 0.4, -1.0, -0.0, 0.0, 0.0, 0.0, 0.0, 0.0, 1.0]
            ]
        },
        {
            "name": "Arm_L",
            "time": [0.0, 1.0, 2.0],
            "transform": [
                [-0.047601, 0.798328, -0.600334, -0.0, -0.461322, -0.550645, -0.695675, 0.39386, -0.88595, 0.243833, 0.394499, -0.0, 0.0, 0.0, 0.0, 1.0],
                [0.03037, 0.765106, -0.643183, -0.0, -0.417594, -0.574916, -0.703618, 0.39386, -0.908121, 0.289958, 0.302044, 0.0, 0.0, 0.0, 0.0, 1.0],
                [-0.047601, 0.798328, -0.600334, -0.0, -0.461322, -0.550645, -0.695675, 0.39386, -0.88595, 0.243833, 0.394499, -0.0, 0.0, 0.0, 0.0, 1.0]
            ]
        },
        {
            "name": "Hand_L",
            "time": [0.0, 1.0, 2.0],
            "transform": [
                [1.000001, 1e-06, -0.0, -0.0, -1e-06, 0.970207, -0.242273, 0.300003, -0.0, 0.242272, 0.970209, 0.0, 0.0, 0.0, 0.0, 1.0],
                [1.000001, 1e-06, -0.0, 0.0, -1e-06, 0.943127, -0.33243, 0.300003, -0.0, 0.332428, 0.943129, 0.0, 0.0, 0.0, 0.0, 1.0],
                [1.000001, 1e-06, -0.0, -0.0, -1e-06, 0.970207, -0.242273, 0.300003, -0.0, 0.242272, 0.970209, 0.0, 0.0, 0.0, 0.0, 1.0]
            ]
        },
        {
            "name": "Tool_L",
            "time": [0.0, 2.0],
            "transform": [
                [1.0, -0.0, 0.0, -0.0, -0.0, -0.973887, -0.227034, 0.271711, 0.0, 0.227034, -0.973887, -0.028915, 0.0, 0.0, 0.0, 1.0],
                [1.0, -0.0, 0.0, -0.0, -0.0, -0.973887, -0.227034, 0.271711, 0.0, 0.227034, -0.973887, -0.028915, 0.0, 0.0, 0.0, 1.0]
            ]
        },
        {
            "name": "Elbow_L",
            "time": [0.0, 2.0],
            "transform": [
                [-1.0, 0.0, -0.0, 0.0, 0.0, 0.003946, -0.999992, 0.32213, -0.0, -0.999993, -0.003946, -0.001165, 0.0, 0.0, 0.0, 1.0],
                [-1.0, 0.0, -0.0, 0.0, 0.0, 0.003946, -0.999992, 0.32213, -0.0, -0.999993, -0.003946, -0.001165, 0.0, 0.0, 0.0, 1.0]
            ]
        }
    ]
}