{
    "animation": [
        {
            "name": "Root",
            "time": [0.0, 1.0, 2.0],
            "transform": [
                [1.0, 0.0, 0.0, -5e-06, 0.0, 0.0, -1.0, 0.000946, 0.0, 1.0, 0.0, 0.763972, 0.0, 0.0, 0.0, 1.0],
                [1.0, 0.0, 0.0, -5e-06, 0.0, 0.0, -1.0, 0.000946, 0.0, 1.0, 0.0, 0.763972, 0.0, 0.0, 0.0, 1.0],
                [1.0, 0.0, 0.0, -5e-06, 0.0, 0.0, -1.0, 0.000946, 0.0, 1.0, 0.0, 0.763972, 0.0, 0.0, 0.0, 1.0]
            ]
        },
        {
            "name": "Thigh_R",
            "time": [0.0, 1.0, 2.0],
            "transform": [
                [1.0, -0.0, 0.0, 0.124994, -0.0, -0.999969, 0.007865, -0.002831, 0.0, -0.007865, -0.999971, -1.2e-05, 0.0, 0.0, 0.0, 1.0],
                [1.0, -0.0, 0.0, 0.124994, -0.0, -0.999969, 0.007865, -0.002831, 0.0, -0.007865, -0.999971, -1.2e-05, 0.0, 0.0, 0.0, 1.0],
                [1.0, -0.0, 0.0, 0.124994, -0.0, -0.999969, 0.007865, -0.002831, 0.0, -0.007865, -0.999971, -1.2e-05, 0.0, 0.0, 0.0, 1.0]
            ]
        },
        {
            "name": "Leg_R",
            "time": [0.0, 1.0, 2.0],
            "transform": [
                [1.0, -0.0, 1e-06, -0.0, -0.0, 0.999906, 0.015722, 0.374726, -1e-06, -0.015723, 0.999844, 0.0, 0.0, 0.0, 0.0, 1.0],
                [1.0, -0.0, 1e-06, -0.0, -0.0, 0.999906, 0.015722, 0.374726, -1e-06, -0.015723, 0.999844, 0.0, 0.0, 0.0, 0.0, 1.0],
                [1.0, -0.0, 1e-06, -0.0, -0.0, 0.999906, 0.015722, 0.374726, -1e-06, -0.015723, 0.999844, 0.0, 0.0, 0.0, 0.0, 1.0]
            ]
        },
        {
            "name": "Knee_R",
            "time": [0.0, 2.0],
            "transform": [
                [1.0, 0.0, -0.0, -0.0, -0.0, 0.00567, -0.999984, 0.374726, -0.0, 0.999984, 0.00567, -0.0, 0.0, 0.0, 0.0, 1.0],
                [1.0, 0.0, -0.0, -0.0, -0.0, 0.00567, -0.999984, 0.374726, -0.0, 0.999984, 0.00567, -0.0, 0.0, 0.0, 0.0, 1.0]
            ]
        },
        {
            "name": "Thigh_L",
            "time": [0.0, 1.0, 2.0],
            "transform": [
                [1.0, -0.0, 0.0, -0.125006, -0.0, -0.99998, 0.006458, -0.002831, 0.0, -0.006458, -0.99998, -1.2e-05, 0.0, 0.0, 0.0, 1.0],
                [1.0, -0.0, 0.0, -0.125006, -0.0, -0.99998, 0.006458, -0.002831, 0.0, -0.006458, -0.99998, -1.2e-05, 0.0, 0.0, 0.0, 1.0],
                [1.0, -0.0, 0.0, -0.125006, -0.0, -0.99998, 0.006458, -0.002831, 0.0, -0.006458, -0.99998, -1.2e-05, 0.0, 0.0, 0.0, 1.0]
            ]
        },
        {
            "name": "Leg_L",
            "time": [0.0, 1.0, 2.0],
            "transform": [
                [1.0, -0.0, 1e-06, -0.0, -0.0, 0.999922, 0.012912, 0.374726, -1e-06, -0.012912, 0.999912, -0.0, 0.0, 0.0, 0.0, 1.0],
                [1.0, -0.0, 1e-06, -0.0, -0.0, 0.999922, 0.012912, 0.374726, -1e-06, -0.012912, 0.999912, -0.0, 0.0, 0.0, 0.0, 1.0],
                [1.0, -0.0, 1e-06, -0.0, -0.0, 0.999922, 0.012912, 0.374726, -1e-06, -0.012912, 0.999912, -0.0, 0.0, 0.0, 0.0, 1.0]
            ]
        },
        {
            "name": "Knee_L",
            "time": [0.0, 2.0],
            "transform": [
                [1.0, 0.0, -0.0, -0.0, -0.0, 0.00567, -0.999984, 0.374726, -0.0, 0.999984, 0.00567, 0.0, 0.0, 0.0, 0.0, 1.0],
                [1.0, 0.0, -0.0, -0.0, -0.0, 0.00567, -0.999984, 0.374726, -0.0, 0.999984, 0.00567, 0.0, 0.0, 0.0, 0.0, 1.0]
            ]
        },
        {
            "name": "Torso",
            "time": [0.0, 1.0, 2.0],
            "transform": [
                [1.0, 0.0, 0.0, 0.0, 0.0, 0.984808, 0.173648, 0.05, 0.0, -0.173648, 0.984808, 0.0, 0.0, 0.0, 0.0, 1.0],
                [1.0, 0.0, 0.0, 0.0, 0.0, 0.984808, 0.173648, 0.05, 0.0, -0.173648, 0.984808, 0.0, 0.0, 0.0, 0.0, 1.0],
                [1.0, 0.0, 0.0, 0.0, 0.0, 0.984808, 0.173648, 0.05, 0.0, -0.173648, 0.984808, 0.0, 0.0, 0.0, 0.0, 1.0]
            ]
        },
        {
            "name": "Chest",
            "time": [0.0, 1.0, 2.0],
            "transform": [
                [0.965926, -0.109382, 0.23457, 0.0, -0.044943, 0.821653, 0.568214, 0.3, -0.254887, -0.559395, 0.788739, 0.0, 0.0, 0.0, 0.0, 1.0],
                [0.965926, -0.109382, 0.23457, 0.0, -0.066987, 0.769771, 0.634795, 0.3, -0.25, -0.628878, 0.736215, 0.0, 0.0, 0.0, 0.0, 1.0],
                [0.965926, -0.109382, 0.23457, 0.0, -0.044943, 0.821653, 0.568214, 0.3, -0.254887, -0.559395, 0.788739, 0.0, 0.0, 0.0, 0.0, 1.0]
            ]
        },
        {
            "name": "Head",
            "time": [0.0, 1.0, 2.0],
            "transform": [
                [0.965783, -0.085172, -0.24497, 0.0, -0.110044, 0.720727, -0.684429, 0.4, 0.23485, 0.687967, 0.686693, -0.0, 0.0, 0.0, 0.0, 1.0],
                [0.965794, -0.10614, -0.236594, -0.0, -0.110068, 0.658326, -0.744642, 0.4, 0.234792, 0.745213, 0.624124, -0.0, 0.0, 0.0, 0.0, 1.0],
                [0.965783, -0.085172, -0.24497, 0.0, -0.110044, 0.720727, -0.684429, 0.4, 0.23485, 0.687967, 0.686693, -0.0, 0.0, 0.0, 0.0, 1.0]
            ]
        },
        {
            "name": "Shoulder_R",
            "time": [0.0, 1.0, 2.0],
            "transform": [
                [0.0, 0.952114, 0.305743, 0.0, 0.0, -0.305743, 0.952114, 0.4, 1.0, 0.0, -0.0, -0.0, 0.0, 0.0, 0.0, 1.0],
                [0.0, 0.952114, 0.305743, -0.0, 0.0, -0.305743, 0.952114, 0.4, 1.0, -0.0, -0.0, -0.0, 0.0, 0.0, 0.0, 1.0],
                [0.0, 0.952114, 0.305743, 0.0, 0.0, -0.305743, 0.952114, 0.4, 1.0, 0.0, -0.0, -0.0, 0.0, 0.0, 0.0, 1.0]
            ]
        },
        {
            "name": "Arm_R",
            "time": [0.0, 1.0, 2.0],
            "transform": [
                [0.179289, 0.151501, -0.972065, -0.0, 0.950292, 0.229004, 0.210966, 0.393861, 0.254567, -0.961569, -0.102912, 0.0, 0.0, 0.0, 0.0, 1.0],
                [0.184059, 0.165744, -0.968844, 0.0, 0.948722, 0.227772, 0.219203, 0.393861, 0.257005, -0.95951, -0.115322, 0.0, 0.0, 0.0, 0.0, 1.0],
                [0.179289, 0.151501, -0.972065, -0.0, 0.950292, 0.229004, 0.210966, 0.393861, 0.254567, -0.961569, -0.102912, 0.0, 0.0, 0.0, 0.0, 1.0]
            ]
        },
        {
            "name": "Hand_R",
            "time": [0.0, 1.0, 2.0],
            "transform": [
                [1.0, -4e-06, 2e-06, 0.0, 4e-06, 0.574947, -0.818188, 0.300002, 2e-06, 0.8182, 0.57494, 0.0, 0.0, 0.0, 0.0, 1.0],
                [1.000001, -2e-06, 1e-06, 0.0, 2e-06, 0.478586, -0.878036, 0.300002, 1e-06, 0.87805, 0.47858, 0.0, 0.0, 0.0, 0.0, 1.0],
                [1.0, -4e-06, 2e-06, 0.0, 4e-06, 0.574947, -0.818188, 0.300002, 2e-06, 0.8182, 0.57494, 0.0, 0.0, 0.0, 0.0, 1.0]
            ]
        },
        {
            "name": "Tool_R",
            "time": [0.0, 1.0, 2.0],
            "transform": [
                [0.99988, 0.009739, 0.012014, -0.012825, 0.012624, -0.962736, -0.270149, 0.231748, 0.008935, 0.270268, -0.962744, 0.002323, 0.0, 0.0, 0.0, 1.0],
                [0.99988, 0.00974, 0.012014, -0.012825, 0.012624, -0.962736, -0.270149, 0.231748, 0.008935, 0.270268, -0.962744, 0.002323, 0.0, 0.0, 0.0, 1.0],
                [0.99988, 0.009739, 0.012014, -0.012825, 0.012624, -0.962736, -0.270149, 0.231748, 0.008935, 0.270268, -0.962744, 0.002323, 0.0, 0.0, 0.0, 1.0]
            ]
        },
        {
            "name": "Elbow_R",
            "time": [0.0, 2.0],
            "transform": [
                [-1.0, 0.0, -0.0, 0.0, 0.0, 0.003946, -0.999992, 0.388997, -0.0, -0.999992, -0.003946, -0.000901, 0.0, 0.0, 0.0, 1.0],
                [-1.0, 0.0, -0.0, 0.0, 0.0, 0.003946, -0.999992, 0.388997, -0.0, -0.999992, -0.003946, -0.000901, 0.0, 0.0, 0.0, 1.0]
            ]
        },
        {
            "name": "Shoulder_L",
            "time": [0.0, 1.0, 2.0],
            "transform": [
                [-0.0, -0.952114, -0.305743, 0.0, 0.0, -0.305743, 0.952114, 0.4, -0.999999, 0.0, 0.0, -0.0, 0.0, 0.0, 0.0, 1.0],
                [-0.0, -0.952114, -0.305743, -0.0, 0.0, -0.305743, 0.952114, 0.4, -1.0, 0.0, 0.0, -0.0, 0.0, 0.0, 0.0, 1.0],
                [-0.0, -0.952114, -0.305743, 0.0, 0.0, -0.305743, 0.952114, 0.4, -0.999999, 0.0, 0.0, -0.0, 0.0, 0.0, 0.0, 1.0]
            ]
        },
        {
            "name": "Arm_L",
            "time": [0.0, 1.0, 2.0],
            "transform": [
                [-0.273943, 0.241174, 0.931015, -0.0, -0.842352, 0.406978, -0.353282, 0.39386, -0.464107, -0.88102, 0.091665, -0.0, 0.0, 0.0, 0.0, 1.0],
                [-0.268072, 0.266506, 0.925803, -0.0, -0.843547, 0.39926, -0.359189, 0.39386, -0.465364, -0.877245, 0.117781, -0.0, 0.0, 0.0, 0.0, 1.0],
                [-0.273943, 0.241174, 0.931015, -0.0, -0.842352, 0.406978, -0.353282, 0.39386, -0.464107, -0.88102, 0.091665, -0.0, 0.0, 0.0, 0.0, 1.0]
            ]
        },
        {
            "name": "Hand_L",
            "time": [0.0, 1.0, 2.0],
            "transform": [
                [1.000001, 0.0, -0.0, -0.0, -0.0, 0.804838, -0.593494, 0.300002, -0.0, 0.593487, 0.804842, -0.0, 0.0, 0.0, 0.0, 1.0],
                [1.000001, -0.0, 0.0, -0.0, 0.0, 0.778936, -0.627102, 0.300003, 0.0, 0.627095, 0.77894, 0.0, 0.0, 0.0, 0.0, 1.0],
                [1.000001, 0.0, -0.0, -0.0, -0.0, 0.804838, -0.593494, 0.300002, -0.0, 0.593487, 0.804842, -0.0, 0.0, 0.0, 0.0, 1.0]
            ]
        },
        {
            "name": "Tool_L",
            "time": [0.0, 2.0],
            "transform": [
                [1.0, -0.0, 0.0, -0.0, -0.0, -0.973887, -0.227034, 0.271711, 0.0, 0.227034, -0.973887, -0.028915, 0.0, 0.0, 0.0, 1.0],
                [1.0, -0.0, 0.0, -0.0, -0.0, -0.973887, -0.227034, 0.271711, 0.0, 0.227034, -0.973887, -0.028915, 0.0, 0.0, 0.0, 1.0]
            ]
        },
        {
            "name": "Elbow_L",
            "time": [0.0, 2.0],
            "transform": [
                [-1.0, 0.0, -0.0, -0.0, 0.0, 0.003946, -0.999992, 0.35874, -0.0, -0.999993, -0.003946, -0.001021, 0.0, 0.0, 0.0, 1.0],
                [-1.0, 0.0, -0.0, -0.0, 0.0, 0.003946, -0.999992, 0.35874, -0.0, -0.999993, -0.003946, -0.001021, 0.0, 0.0, 0.0, 1.0]
            ]
        }
    ]
}