{
    "animation": [
        {
            "name": "Root",
            "time": [0.0, 1.0, 2.0],
            "transform": [
                [1.0, 0.0, 0.0, -5e-06, 0.0, 0.0, -1.0, 0.000946, 0.0, 1.0, 0.0, 0.763972, 0.0, 0.0, 0.0, 1.0],
                [1.0, 0.0, 0.0, -5e-06, 0.0, 0.0, -1.0, 0.000946, 0.0, 1.0, 0.0, 0.763972, 0.0, 0.0, 0.0, 1.0],
                [1.0, 0.0, 0.0, -5e-06, 0.0, 0.0, -1.0, 0.000946, 0.0, 1.0, 0.0, 0.763972, 0.0, 0.0, 0.0, 1.0]
            ]
        },
        {
            "name": "Thigh_R",
            "time": [0.0, 1.0, 2.0],
            "transform": [
                [1.0, -0.0, 0.0, 0.124994, -0.0, -0.999967, 0.008086, -0.002831, 0.0, -0.008086, -0.999969, -1.2e-05, 0.0, 0.0, 0.0, 1.0],
                [1.0, -0.0, 0.0, 0.124994, -0.0, -0.999966, 0.008201, -0.002831, 0.0, -0.008201, -0.999968, -1.2e-05, 0.0, 0.0, 0.0, 1.0],
                [1.0, -0.0, 0.0, 0.124994, -0.0, -0.999967, 0.008086, -0.002831, 0.0, -0.008086, -0.999969, -1.2e-05, 0.0, 0.0, 0.0, 1.0]
            ]
        },
        {
            "name": "Leg_R",
            "time": [0.0, 1.0, 2.0],
            "transform": [
                [1.0, -0.0, 1e-06, 0.0, -0.0, 0.999902, 0.016165, 0.374726, -1e-06, -0.016166, 0.999833, -0.0, 0.0, 0.0, 0.0, 1.0],
                [1.0, -0.0, 1e-06, -0.0, -0.0, 0.9999, 0.016395, 0.374726, -1e-06, -0.016396, 0.999827, 0.0, 0.0, 0.0, 0.0, 1.0],
                [1.0, -0.0, 1e-06, 0.0, -0.0, 0.999902, 0.016165, 0.374726, -1e-06, -0.016166, 0.999833, -0.0, 0.0, 0.0, 0.0, 1.0]
            ]
        },
        {
            "name": "Knee_R",
            "time": [0.0, 2.0],
            "transform": [
                [1.0, 0.0, -0.0, -0.0, -0.0, 0.00567, -0.999984, 0.374726, -0.0, 0.999984, 0.00567, 0.0, 0.0, 0.0, 0.0, 1.0],
                [1.0, 0.0, -0.0, -0.0, -0.0, 0.00567, -0.999984, 0.374726, -0.0, 0.999984, 0.00567, 0.0, 0.0, 0.0, 0.0, 1.0]
            ]
        },
        {
            "name": "Thigh_L",
            "time": [0.0, 1.0, 2.0],
            "transform": [
                [1.0, -0.0, 0.0, -0.125006, -0.0, -0.999979, 0.00649, -0.002832, 0.0, -0.00649, -0.99998, -1.2e-05, 0.0, 0.0, 0.0, 1.0],
                [1.0, -0.0, 0.0, -0.125006, -0.0, -0.999979, 0.006525, -0.002832, 0.0, -0.006525, -0.99998, -1.2e-05, 0.0, 0.0, 0.0, 1.0],
                [1.0, -0.0, 0.0, -0.125006, -0.0, -0.999979, 0.00649, -0.002832, 0.0, -0.00649, -0.99998, -1.2e-05, 0.0, 0.0, 0.0, 1.0]
            ]
        },
        {
            "name": "Leg_L",
            "time": [0.0, 1.0, 2.0],
            "transform": [
                [1.0, -0.0, 1e-06, -0.0, -0.0, 0.999922, 0.012975, 0.374726, -1e-06, -0.012975, 0.99991, -0.0, 0.0, 0.0, 0.0, 1.0],
                [1.0, -0.0, 1e-06, -0.0, -0.0, 0.999921, 0.013045, 0.374726, -1e-06, -0.013046, 0.999908, 0.0, 0.0, 0.0, 0.0, 1.0],
                [1.0, -0.0, 1e-06, -0.0, -0.0, 0.999922, 0.012975, 0.374726, -1e-06, -0.012975, 0.99991, -0.0, 0.0, 0.0, 0.0, 1.0]
            ]
        },
        {
            "name": "Knee_L",
            "time": [0.0, 2.0],
            "transform": [
                [1.0, 0.0, -0.0, -0.0, -0.0, 0.00567, -0.999984, 0.374726, -0.0, 0.999984, 0.00567, -0.0, 0.0, 0.0, 0.0, 1.0],
                [1.0, 0.0, -0.0, -0.0, -0.0, 0.00567, -0.999984, 0.374726, -0.0, 0.999984, 0.00567, -0.0, 0.0, 0.0, 0.0, 1.0]
            ]
        },
        {
            "name": "Torso",
            "time": [0.0, 1.0, 2.0],
            "transform": [
                [1.0, 0.0, 0.0, 0.0, 0.0, 1.0, 0.0, 0.05, 0.0, 0.0, 1.0, 0.0, 0.0, 0.0, 0.0, 1.0],
                [1.0, 0.0, 0.0, 0.0, 0.0, 1.0, 0.0, 0.05, 0.0, 0.0, 1.0, 0.0, 0.0, 0.0, 0.0, 1.0],
                [1.0, 0.0, 0.0, 0.0, 0.0, 1.0, 0.0, 0.05, 0.0, 0.0, 1.0, 0.0, 0.0, 0.0, 0.0, 1.0]
            ]
        },
        {
            "name": "Chest",
            "time": [0.0, 1.0, 2.0],
            "transform": [
                [0.852868, 0.173648, -0.492404, 0.0, -0.150384, 0.984807, 0.086824, 0.3, 0.5, 0.0, 0.866025, 0.0, 0.0, 0.0, 0.0, 1.0],
                [0.852868, 0.173648, -0.492404, 0.0, -0.106234, 0.98106, 0.161973, 0.3, 0.511204, -0.085832, 0.855163, 0.0, 0.0, 0.0, 0.0, 1.0],
                [0.852868, 0.173648, -0.492404, 0.0, -0.150384, 0.984807, 0.086824, 0.3, 0.5, 0.0, 0.866025, 0.0, 0.0, 0.0, 0.0, 1.0]
            ]
        },
        {
            "name": "Head",
            "time": [0.0, 1.0, 2.0],
            "transform": [
                [0.851218, -0.150384, 0.502805, -0.0, 0.173647, 0.984808, 0.000572, 0.4, -0.495252, 0.086824, 0.8644, -0.0, 0.0, 0.0, 0.0, 1.0],
                [0.851181, -0.106234, 0.51401, 0.0, 0.17393, 0.98106, -0.08526, 0.4, -0.495217, 0.161973, 0.853537, -0.0, 0.0, 0.0, 0.0, 1.0],
                [0.851218, -0.150384, 0.502805, -0.0, 0.173647, 0.984808, 0.000572, 0.4, -0.495252, 0.086824, 0.8644, -0.0, 0.0, 0.0, 0.0, 1.0]
            ]
        },
        {
            "name": "Shoulder_R",
            "time": [0.0, 1.0, 2.0],
            "transform": [
                [0.0, 0.952114, 0.305744, -0.0, 0.0, -0.305743, 0.952115, 0.4, 1.0, 0.0, -0.0, -0.0, 0.0, 0.0, 0.0, 1.0],
                [0.0, 0.952114, 0.305744, 0.0, 0.0, -0.305743, 0.952115, 0.4, 1.0, -0.0, -0.0, -0.0, 0.0, 0.0, 0.0, 1.0],
                [0.0, 0.952114, 0.305744, -0.0, 0.0, -0.305743, 0.952115, 0.4, 1.0, 0.0, -0.0, -0.0, 0.0, 0.0, 0.0, 1.0]
            ]
        },
        {
            "name": "Arm_R",
            "time": [0.0, 1.0, 2.0],
            "transform": [
                [-0.786571, -0.479339, -0.389288, -0.0, 0.306796, 0.243757, -0.920033, 0.39386, 0.5359, -0.843102, -0.044673, 0.0, 0.0, 0.0, 0.0, 1.0],
                [-0.769578, -0.523334, -0.36589, -0.0, 0.309542, 0.195434, -0.930587, 0.39386, 0.558515, -0.829416, 0.011593, -0.0, 0.0, 0.0, 0.0, 1.0],
                [-0.786571, -0.479339, -0.389288, -0.0, 0.306796, 0.243757, -0.920033, 0.39386, 0.5359, -0.843102, -0.044673, 0.0, 0.0, 0.0, 0.0, 1.0]
            ]
        },
        {
            "name": "Hand_R",
            "time": [0.0, 1.0, 2.0],
            "transform": [
                [1.000001, 1e-06, -1e-06, -0.0, -2e-06, 0.383345, -0.923594, 0.300002, -1e-06, 0.923623, 0.383334, 0.0, 0.0, 0.0, 0.0, 1.0],
                [1.000001, -5e-06, 3e-06, -0.0, 5e-06, 0.36388, -0.931432, 0.300003, 3e-06, 0.931465, 0.363869, -0.0, 0.0, 0.0, 0.0, 1.0],
                [1.000001, 1e-06, -1e-06, -0.0, -2e-06, 0.383345, -0.923594, 0.300002, -1e-06, 0.923623, 0.383334, 0.0, 0.0, 0.0, 0.0, 1.0]
            ]
        },
        {
            "name": "Tool_R",
            "time": [0.0, 1.0, 2.0],
            "transform": [
                [0.870519, -0.432629, -0.234584, -0.015692, -0.420045, -0.901535, 0.103902, 0.253896, -0.256437, 0.008087, -0.966527, -0.007107, 0.0, 0.0, 0.0, 1.0],
                [0.870518, -0.432629, -0.234584, -0.015692, -0.420045, -0.901535, 0.103902, 0.253896, -0.256437, 0.008087, -0.966528, -0.007107, 0.0, 0.0, 0.0, 1.0],
                [0.870519, -0.432629, -0.234584, -0.015692, -0.420045, -0.901535, 0.103902, 0.253896, -0.256437, 0.008087, -0.966527, -0.007107, 0.0, 0.0, 0.0, 1.0]
            ]
        },
        {
            "name": "Elbow_R",
            "time": [0.0, 2.0],
            "transform": [
                [-1.0, 0.0, 0.0, -0.0, 0.0, 0.003946, -0.999992, 0.409531, -0.0, -0.999992, -0.003946, -0.00082, 0.0, 0.0, 0.0, 1.0],
                [-1.0, 0.0, 0.0, -0.0, 0.0, 0.003946, -0.999992, 0.409531, -0.0, -0.999992, -0.003946, -0.00082, 0.0, 0.0, 0.0, 1.0]
            ]
        },
        {
            "name": "Shoulder_L",
            "time": [0.0, 1.0, 2.0],
            "transform": [
                [-0.0, -0.952114, -0.305743, -0.0, 0.0, -0.305743, 0.952114, 0.4, -1.0, 0.0, 0.0, -0.0, 0.0, 0.0, 0.0, 1.0],
                [-0.0, -0.952114, -0.305743, 0.0, 0.0, -0.305743, 0.952114, 0.4, -1.0, 0.0, 0.0, -0.0, 0.0, 0.0, 0.0, 1.0],
                [-0.0, -0.952114, -0.305743, -0.0, 0.0, -0.305743, 0.952114, 0.4, -1.0, 0.0, 0.0, -0.0, 0.0, 0.0, 0.0, 1.0]
            ]
        },
        {
            "name": "Arm_L",
            "time": [0.0, 1.0, 2.0],
            "transform": [
                [-0.494998, 0.787889, 0.366336, 0.0, -0.731171, -0.149929, -0.665511, 0.39386, -0.469426, -0.597279, 0.6503, 0.0, 0.0, 0.0, 0.0, 1.0],
                [-0.48544, 0.761516, 0.429458, -0.0, -0.726689, -0.078353, -0.68248, 0.39386, -0.486073, -0.643383, 0.591424, -0.0, 0.0, 0.0, 0.0, 1.0],
                [-0.494998, 0.787889, 0.366336, 0.0, -0.731171, -0.149929, -0.665511, 0.39386, -0.469426, -0.597279, 0.6503, 0.0, 0.0, 0.0, 0.0, 1.0]
            ]
        },
        {
            "name": "Hand_L",
            "time": [0.0, 1.0, 2.0],
            "transform": [
                [1.0, 2e-06, -0.0, -0.0, -2e-06, 0.935901, -0.352261, 0.300003, -0.0, 0.352258, 0.935904, -0.0, 0.0, 0.0, 0.0, 1.0],
                [1.000001, 1e-06, -0.0, 0.0, -1e-06, 0.778614, -0.627506, 0.300002, -0.0, 0.627497, 0.778619, 0.0, 0.0, 0.0, 0.0, 1.0],
                [1.0, 2e-06, -0.0, -0.0, -2e-06, 0.935901, -0.352261, 0.300003, -0.0, 0.352258, 0.935904, -0.0, 0.0, 0.0, 0.0, 1.0]
            ]
        },
        {
            "name": "Tool_L",
            "time": [0.0, 2.0],
            "transform": [
                [1.0, 0.0, 0.0, -0.0, 0.0, -0.973887, -0.227034, 0.271711, 0.0, 0.227034, -0.973887, -0.028915, 0.0, 0.0, 0.0, 1.0],
                [1.0, 0.0, 0.0, -0.0, 0.0, -0.973887, -0.227034, 0.271711, 0.0, 0.227034, -0.973887, -0.028915, 0.0, 0.0, 0.0, 1.0]
            ]
        },
        {
            "name": "Elbow_L",
            "time": [0.0, 2.0],
            "transform": [
                [-1.0, 0.0, -0.0, 0.0, 0.0, 0.003946, -0.999992, 0.332933, -0.0, -0.999992, -0.003946, -0.001123, 0.0, 0.0, 0.0, 1.0],
                [-1.0, 0.0, -0.0, 0.0, 0.0, 0.003946, -0.999992, 0.332933, -0.0, -0.999992, -0.003946, -0.001123, 0.0, 0.0, 0.0, 1.0]
            ]
        }
    ]
}