{
    "animation": [
        {
            "name": "Root",
            "time": [0.0, 0.2, 0.4, 0.6, 0.8],
            "transform": [
                [1.0, 0.0, 0.0, -5e-06, 0.0, 0.0, -1.0, 0.000946, 0.0, 1.0, 0.0, 0.763972, 0.0, 0.0, 0.0, 1.0],
                [1.0, 0.0, 0.0, -5e-06, 0.0, 0.0, -1.0, 0.000946, 0.0, 1.0, 0.0, 0.763972, 0.0, 0.0, 0.0, 1.0],
                [1.0, 0.0, 0.0, -5e-06, 0.0, 0.0, -1.0, 0.000946, 0.0, 1.0, 0.0, 0.763972, 0.0, 0.0, 0.0, 1.0],
                [1.0, 0.0, 0.0, -5e-06, 0.0, 0.0, -1.0, 0.000946, 0.0, 1.0, 0.0, 0.763972, 0.0, 0.0, 0.0, 1.0],
                [1.0, 0.0, 0.0, -5e-06, 0.0, 0.0, -1.0, 0.000946, 0.0, 1.0, 0.0, 0.763972, 0.0, 0.0, 0.0, 1.0]
            ]
        },
        {
            "name": "Thigh_R",
            "time": [0.0, 0.2, 0.4, 0.6, 0.8],
            "transform": [
                [1.0, -0.0, 0.0, 0.124994, -0.0, -0.999941, 0.011007, -0.002831, 0.0, -0.011007, -0.999943, -1.2e-05, 0.0, 0.0, 0.0, 1.0],
                [1.0, -0.0, 0.0, 0.124994, -0.0, -0.999941, 0.010931, -0.002831, 0.0, -0.010931, -0.999943, -1.2e-05, 0.0, 0.0, 0.0, 1.0],
                [1.0, -0.0, 0.0, 0.124994, -0.0, -0.999941, 0.011007, -0.002831, 0.0, -0.011007, -0.999943, -1.2e-05, 0.0, 0.0, 0.0, 1.0],
                [1.0, -0.0, 0.0, 0.124994, -0.0, -0.999941, 0.010931, -0.002831, 0.0, -0.010931, -0.999943, -1.2e-05, 0.0, 0.0, 0.0, 1.0],
                [1.0, -0.0, 0.0, 0.124994, -0.0, -0.999941, 0.011007, -0.002831, 0.0, -0.011007, -0.999943, -1.2e-05, 0.0, 0.0, 0.0, 1.0]
            ]
        },
        {
            "name": "Leg_R",
            "time": [0.0, 0.2, 0.4, 0.6, 0.8],
            "transform": [
                [1.0, -0.0, 1e-06, 0.0, -0.0, 0.999841, 0.022002, 0.374726, -1e-06, -0.022006, 0.99966, -0.0, 0.0, 0.0, 0.0, 1.0],
                [1.0, -0.0, 1e-06, 0.0, -0.0, 0.999843, 0.02185, 0.374726, -1e-06, -0.021854, 0.999666, -0.0, 0.0, 0.0, 0.0, 1.0],
                [1.0, -0.0, 1e-06, 0.0, -0.0, 0.999841, 0.022002, 0.374726, -1e-06, -0.022006, 0.99966, -0.0, 0.0, 0.0, 0.0, 1.0],
                [1.0, -0.0, 1e-06, 0.0, -0.0, 0.999843, 0.02185, 0.374726, -1e-06, -0.021854, 0.999666, -0.0, 0.0, 0.0, 0.0, 1.0],
                [1.0, -0.0, 1e-06, 0.0, -0.0, 0.999841, 0.022002, 0.374726, -1e-06, -0.022006, 0.99966, -0.0, 0.0, 0.0, 0.0, 1.0]
            ]
        },
        {
            "name": "Knee_R",
            "time": [0.0, 0.8],
            "transform": [
                [1.0, 0.0, -0.0, -0.0, -0.0, 0.00567, -0.999984, 0.374726, -0.0, 0.999984, 0.00567, 0.0, 0.0, 0.0, 0.0, 1.0],
                [1.0, 0.0, -0.0, -0.0, -0.0, 0.00567, -0.999984, 0.374726, -0.0, 0.999984, 0.00567, 0.0, 0.0, 0.0, 0.0, 1.0]
            ]
        },
        {
            "name": "Thigh_L",
            "time": [0.0, 0.2, 0.4, 0.6, 0.8],
            "transform": [
                [1.0, -0.0, 0.0, -0.125006, -0.0, -0.999974, 0.007539, -0.002833, 0.0, -0.007539, -0.999974, -1.2e-05, 0.0, 0.0, 0.0, 1.0],
                [1.0, -0.0, 0.0, -0.125006, -0.0, -0.999974, 0.007528, -0.002833, 0.0, -0.007528, -0.999974, -1.2e-05, 0.0, 0.0, 0.0, 1.0],
                [1.0, -0.0, 0.0, -0.125006, -0.0, -0.999974, 0.007539, -0.002833, 0.0, -0.007539, -0.999974, -1.2e-05, 0.0, 0.0, 0.0, 1.0],
                [1.0, -0.0, 0.0, -0.125006, -0.0, -0.999974, 0.007528, -0.002833, 0.0, -0.007528, -0.999974, -1.2e-05, 0.0, 0.0, 0.0, 1.0],
                [1.0, -0.0, 0.0, -0.125006, -0.0, -0.999974, 0.007539, -0.002833, 0.0, -0.007539, -0.999974, -1.2e-05, 0.0, 0.0, 0.0, 1.0]
            ]
        },
        {
            "name": "Leg_L",
            "time": [0.0, 0.2, 0.4, 0.6, 0.8],
            "transform": [
                [1.0, -0.0, 1e-06, -0.0, -0.0, 0.999898, 0.015072, 0.374726, -1e-06, -0.015073, 0.999865, 0.0, 0.0, 0.0, 0.0, 1.0],
                [1.0, -0.0, 1e-06, -0.0, -0.0, 0.999898, 0.015049, 0.374726, -1e-06, -0.01505, 0.999866, -0.0, 0.0, 0.0, 0.0, 1.0],
                [1.0, -0.0, 1e-06, -0.0, -0.0, 0.999898, 0.015072, 0.374726, -1e-06, -0.015073, 0.999865, 0.0, 0.0, 0.0, 0.0, 1.0],
                [1.0, -0.0, 1e-06, -0.0, -0.0, 0.999898, 0.015049, 0.374726, -1e-06, -0.01505, 0.999866, -0.0, 0.0, 0.0, 0.0, 1.0],
                [1.0, -0.0, 1e-06, -0.0, -0.0, 0.999898, 0.015072, 0.374726, -1e-06, -0.015073, 0.999865, 0.0, 0.0, 0.0, 0.0, 1.0]
            ]
        },
        {
            "name": "Knee_L",
            "time": [0.0, 0.8],
            "transform": [
                [1.0, 0.0, -0.0, -0.0, -0.0, 0.00567, -0.999984, 0.374726, -0.0, 0.999984, 0.00567, -0.0, 0.0, 0.0, 0.0, 1.0],
                [1.0, 0.0, -0.0, -0.0, -0.0, 0.00567, -0.999984, 0.374726, -0.0, 0.999984, 0.00567, -0.0, 0.0, 0.0, 0.0, 1.0]
            ]
        },
        {
            "name": "Torso",
            "time": [0.0, 0.2, 0.4, 0.6, 0.8],
            "transform": [
                [1.0, 0.0, 0.0, 0.0, 0.0, 1.0, 0.0, 0.05, 0.0, 0.0, 1.0, 0.0, 0.0, 0.0, 0.0, 1.0],
                [1.0, 0.0, 0.0, 0.0, 0.0, 1.0, 0.0, 0.05, 0.0, 0.0, 1.0, 0.0, 0.0, 0.0, 0.0, 1.0],
                [1.0, 0.0, 0.0, 0.0, 0.0, 1.0, 0.0, 0.05, 0.0, 0.0, 1.0, 0.0, 0.0, 0.0, 0.0, 1.0],
                [1.0, 0.0, 0.0, 0.0, 0.0, 1.0, 0.0, 0.05, 0.0, 0.0, 1.0, 0.0, 0.0, 0.0, 0.0, 1.0],
                [1.0, 0.0, 0.0, 0.0, 0.0, 1.0, 0.0, 0.05, 0.0, 0.0, 1.0, 0.0, 0.0, 0.0, 0.0, 1.0]
            ]
        },
        {
            "name": "Chest",
            "time": [0.0, 0.2, 0.4, 0.6, 0.8],
            "transform": [
                [0.992667, 0.003085, -0.120839, 0.0, 0.05127, 0.894553, 0.444012, 0.3, 0.109466, -0.446951, 0.887835, 0.0, 0.0, 0.0, 0.0, 1.0],
                [0.928042, 0.054794, -0.368423, 0.0, 0.147101, 0.8548, 0.497672, 0.3, 0.342198, -0.516055, 0.785231, 0.0, 0.0, 0.0, 0.0, 1.0],
                [0.800172, 0.102769, -0.5909, 0.0, 0.272521, 0.815337, 0.51084, 0.3, 0.534282, -0.569792, 0.624403, 0.0, 0.0, 0.0, 0.0, 1.0],
                [0.928042, 0.054794, -0.368423, 0.0, 0.147101, 0.8548, 0.497672, 0.3, 0.342198, -0.516055, 0.785231, 0.0, 0.0, 0.0, 0.0, 1.0],
                [0.992667, 0.003085, -0.120839, 0.0, 0.05127, 0.894553, 0.444012, 0.3, 0.109466, -0.446951, 0.887835, 0.0, 0.0, 0.0, 0.0, 1.0]
            ]
        },
        {
            "name": "Head",
            "time": [0.0, 0.2, 0.4, 0.6, 0.8],
            "transform": [
                [0.993054, 0.042142, 0.109858, 0.0, 0.011615, 0.893993, -0.447932, 0.4, -0.117089, 0.446096, 0.887293, 0.0, 0.0, 0.0, 0.0, 1.0],
                [0.929222, 0.138827, 0.342455, 0.0, 0.062982, 0.853685, -0.516969, 0.4, -0.364118, 0.501947, 0.784518, -0.0, 0.0, 0.0, 0.0, 1.0],
                [0.802441, 0.265645, 0.534343, -0.0, 0.110611, 0.813717, -0.570641, 0.4, -0.586392, 0.51701, 0.623576, -0.0, 0.0, 0.0, 0.0, 1.0],
                [0.929222, 0.138827, 0.342455, 0.0, 0.062982, 0.853685, -0.516969, 0.4, -0.364118, 0.501947, 0.784518, -0.0, 0.0, 0.0, 0.0, 1.0],
                [0.993054, 0.042142, 0.109858, 0.0, 0.011615, 0.893993, -0.447932, 0.4, -0.117089, 0.446096, 0.887293, 0.0, 0.0, 0.0, 0.0, 1.0]
            ]
        },
        {
            "name": "Shoulder_R",
            "time": [0.0, 0.2, 0.4, 0.6, 0.8],
            "transform": [
                [-0.0, 0.952115, 0.305744, 0.0, 0.0, -0.305744, 0.952115, 0.4, 1.000002, 0.0, 0.0, 0.0, 0.0, 0.0, 0.0, 1.0],
                [-0.0, 0.952115, 0.305744, 0.0, 0.0, -0.305744, 0.952115, 0.4, 1.000001, 0.0, -0.0, -0.0, 0.0, 0.0, 0.0, 1.0],
                [-0.0, 0.952115, 0.305744, -0.0, 0.0, -0.305744, 0.952115, 0.4, 1.000001, 0.0, -0.0, -0.0, 0.0, 0.0, 0.0, 1.0],
                [-0.0, 0.952115, 0.305744, 0.0, 0.0, -0.305744, 0.952115, 0.4, 1.000001, 0.0, -0.0, -0.0, 0.0, 0.0, 0.0, 1.0],
                [-0.0, 0.952115, 0.305744, 0.0, 0.0, -0.305744, 0.952115, 0.4, 1.000002, 0.0, 0.0, 0.0, 0.0, 0.0, 0.0, 1.0]
            ]
        },
        {
            "name": "Arm_R",
            "time": [0.0, 0.2, 0.4, 0.6, 0.8],
            "transform": [
                [-0.480869, -0.643525, -0.595527, -0.0, 0.484514, 0.371063, -0.792189, 0.393861, 0.730768, -0.669484, 0.133362, 0.0, 0.0, 0.0, 0.0, 1.0],
                [-0.485972, -0.645535, -0.589177, 0.0, 0.559921, 0.287663, -0.777009, 0.393861, 0.671068, -0.707501, 0.221649, 0.0, 0.0, 0.0, 0.0, 1.0],
                [-0.623109, -0.629249, -0.464539, -0.0, 0.459153, 0.18654, -0.868553, 0.39386, 0.633188, -0.754501, 0.172684, -0.0, 0.0, 0.0, 0.0, 1.0],
                [-0.485972, -0.645535, -0.589177, 0.0, 0.559921, 0.287663, -0.777009, 0.393861, 0.671068, -0.707501, 0.221649, 0.0, 0.0, 0.0, 0.0, 1.0],
                [-0.480869, -0.643525, -0.595527, -0.0, 0.484514, 0.371063, -0.792189, 0.393861, 0.730768, -0.669484, 0.133362, 0.0, 0.0, 0.0, 0.0, 1.0]
            ]
        },
        {
            "name": "Hand_R",
            "time": [0.0, 0.2, 0.4, 0.6, 0.8],
            "transform": [
                [0.999999, -0.0, 0.0, -0.0, 0.0, 0.029354, -0.999394, 0.300003, -0.0, 0.99972, 0.029345, 0.0, 0.0, 0.0, 0.0, 1.0],
                [0.999998, -7e-06, 7e-06, 0.0, 7e-06, -0.024435, -0.999537, 0.300003, 7e-06, 0.999841, -0.024428, 0.0, 0.0, 0.0, 0.0, 1.0],
                [0.999999, -3e-06, 3e-06, -0.0, 3e-06, 0.147044, -0.988959, 0.300002, 3e-06, 0.989283, 0.147, -0.0, 0.0, 0.0, 0.0, 1.0],
                [0.999998, -7e-06, 7e-06, 0.0, 7e-06, -0.024435, -0.999537, 0.300003, 7e-06, 0.999841, -0.024428, 0.0, 0.0, 0.0, 0.0, 1.0],
                [0.999999, -0.0, 0.0, -0.0, 0.0, 0.029354, -0.999394, 0.300003, -0.0, 0.99972, 0.029345, 0.0, 0.0, 0.0, 0.0, 1.0]
            ]
        },
        {
            "name": "Tool_R",
            "time": [0.0, 0.2, 0.4, 0.6, 0.8],
            "transform": [
                [0.927555, 0.372402, -0.030978, -0.040623, -0.019874, -0.033619, -0.999238, 0.221329, -0.37316, 0.927463, -0.023782, -0.029314, 0.0, 0.0, 0.0, 1.0],
                [0.927555, 0.372402, -0.030978, -0.040623, -0.019874, -0.033619, -0.999238, 0.221329, -0.37316, 0.927463, -0.023782, -0.029315, 0.0, 0.0, 0.0, 1.0],
                [0.927555, 0.372402, -0.030978, -0.040623, -0.019874, -0.033619, -0.999238, 0.221329, -0.37316, 0.927463, -0.023782, -0.029314, 0.0, 0.0, 0.0, 1.0],
                [0.927555, 0.372402, -0.030978, -0.040623, -0.019874, -0.033619, -0.999238, 0.221329, -0.37316, 0.927463, -0.023782, -0.029315, 0.0, 0.0, 0.0, 1.0],
                [0.927555, 0.372402, -0.030978, -0.040623, -0.019874, -0.033619, -0.999238, 0.221329, -0.37316, 0.927463, -0.023782, -0.029314, 0.0, 0.0, 0.0, 1.0]
            ]
        },
        {
            "name": "Elbow_R",
            "time": [0.0, 0.8],
            "transform": [
                [-1.0, 0.0, -0.0, -0.0, -0.0, 0.003946, -0.999992, 0.443647, -0.0, -0.999992, -0.003946, -0.000685, 0.0, 0.0, 0.0, 1.0],
                [-1.0, 0.0, -0.0, -0.0, -0.0, 0.003946, -0.999992, 0.443647, -0.0, -0.999992, -0.003946, -0.000685, 0.0, 0.0, 0.0, 1.0]
            ]
        },
        {
            "name": "Shoulder_L",
            "time": [0.0, 0.2, 0.4, 0.6, 0.8],
            "transform": [
                [0.0, -0.952114, -0.305744, 0.0, 0.0, -0.305744, 0.952115, 0.4, -1.0, -0.0, 0.0, 0.0, 0.0, 0.0, 0.0, 1.0],
                [0.0, -0.952114, -0.305744, 0.0, 0.0, -0.305744, 0.952114, 0.4, -1.0, -0.0, -0.0, -0.0, 0.0, 0.0, 0.0, 1.0],
                [0.0, -0.952114, -0.305744, -0.0, 0.0, -0.305744, 0.952114, 0.4, -1.0, -0.0, -0.0, -0.0, 0.0, 0.0, 0.0, 1.0],
                [0.0, -0.952114, -0.305744, 0.0, 0.0, -0.305744, 0.952114, 0.4, -1.0, -0.0, -0.0, -0.0, 0.0, 0.0, 0.0, 1.0],
                [0.0, -0.952114, -0.305744, 0.0, 0.0, -0.305744, 0.952115, 0.4, -1.0, -0.0, 0.0, 0.0, 0.0, 0.0, 0.0, 1.0]
            ]
        },
        {
            "name": "Arm_L",
            "time": [0.0, 0.2, 0.4, 0.6, 0.8],
            "transform": [
                [-0.284457, 0.94356, -0.169631, -0.0, -0.325859, -0.26157, -0.908507, 0.39386, -0.901597, -0.203158, 0.381876, -0.0, 0.0, 0.0, 0.0, 1.0],
                [-0.206443, 0.963519, -0.170323, 0.0, -0.186972, -0.209713, -0.959715, 0.39386, -0.960417, -0.166283, 0.223446, -0.0, 0.0, 0.0, 0.0, 1.0],
                [-0.179845, 0.950601, 0.253002, 0.0, -0.258607, 0.202459, -0.944522, 0.39386, -0.949081, -0.235298, 0.209422, -0.0, 0.0, 0.0, 0.0, 1.0],
                [-0.206443, 0.963519, -0.170323, 0.0, -0.186972, -0.209713, -0.959715, 0.39386, -0.960417, -0.166283, 0.223446, -0.0, 0.0, 0.0, 0.0, 1.0],
                [-0.284457, 0.94356, -0.169631, -0.0, -0.325859, -0.26157, -0.908507, 0.39386, -0.901597, -0.203158, 0.381876, -0.0, 0.0, 0.0, 0.0, 1.0]
            ]
        },
        {
            "name": "Hand_L",
            "time": [0.0, 0.2, 0.4, 0.6, 0.8],
            "transform": [
                [1.000004, 1e-06, -0.0, -0.0, -1e-06, 0.971168, -0.238389, 0.300003, -0.0, 0.238389, 0.971175, -0.0, 0.0, 0.0, 0.0, 1.0],
                [1.000003, -0.0, 0.0, -0.0, -0.0, 0.888069, -0.459704, 0.300003, 0.0, 0.459704, 0.888076, 0.0, 0.0, 0.0, 0.0, 1.0],
                [1.000003, 2e-06, -1e-06, 0.0, -2e-06, 0.764479, -0.644647, 0.300002, -1e-06, 0.644649, 0.764482, -0.0, 0.0, 0.0, 0.0, 1.0],
                [1.000003, -0.0, 0.0, -0.0, -0.0, 0.888069, -0.459704, 0.300003, 0.0, 0.459704, 0.888076, 0.0, 0.0, 0.0, 0.0, 1.0],
                [1.000004, 1e-06, -0.0, -0.0, -1e-06, 0.971168, -0.238389, 0.300003, -0.0, 0.238389, 0.971175, -0.0, 0.0, 0.0, 0.0, 1.0]
            ]
        },
        {
            "name": "Tool_L",
            "time": [0.0, 0.8],
            "transform": [
                [1.0, -0.0, 0.0, -0.0, 0.0, -0.973887, -0.227034, 0.271711, 0.0, 0.227034, -0.973887, -0.028915, 0.0, 0.0, 0.0, 1.0],
                [1.0, -0.0, 0.0, -0.0, 0.0, -0.973887, -0.227034, 0.271711, 0.0, 0.227034, -0.973887, -0.028915, 0.0, 0.0, 0.0, 1.0]
            ]
        },
        {
            "name": "Elbow_L",
            "time": [0.0, 0.8],
            "transform": [
                [-1.0, 0.0, -0.0, -0.0, 0.0, 0.003946, -0.999992, 0.321755, -0.0, -0.999993, -0.003946, -0.001166, 0.0, 0.0, 0.0, 1.0],
                [-1.0, 0.0, -0.0, -0.0, 0.0, 0.003946, -0.999992, 0.321755, -0.0, -0.999993, -0.003946, -0.001166, 0.0, 0.0, 0.0, 1.0]
            ]
        }
    ]
}