{
    "animation": [
        {
            "name": "Root",
            "time": [0.0, 0.1833, 0.3833, 0.6, 0.7833],
            "transform": [
                [1.0, 0.0, 0.0, -5e-06, 0.0, 0.0, -1.0, 0.000946, 0.0, 1.0, 0.0, 0.763972, 0.0, 0.0, 0.0, 1.0],
                [1.0, 0.0, 0.0, -5e-06, 0.0, 0.0, -1.0, 0.000946, 0.0, 1.0, 0.0, 0.763972, 0.0, 0.0, 0.0, 1.0],
                [1.0, 0.0, 0.0, -5e-06, 0.0, 0.0, -1.0, 0.000946, 0.0, 1.0, 0.0, 0.763972, 0.0, 0.0, 0.0, 1.0],
                [1.0, 0.0, 0.0, -5e-06, 0.0, 0.0, -1.0, 0.000946, 0.0, 1.0, 0.0, 0.763972, 0.0, 0.0, 0.0, 1.0],
                [1.0, 0.0, 0.0, -5e-06, 0.0, 0.0, -1.0, 0.000946, 0.0, 1.0, 0.0, 0.763972, 0.0, 0.0, 0.0, 1.0]
            ]
        },
        {
            "name": "Thigh_R",
            "time": [0.0, 0.1833, 0.3833, 0.6, 0.7833],
            "transform": [
                [1.0, -0.0, 0.0, 0.124994, -0.0, -0.999964, 0.008527, -0.002831, 0.0, -0.008528, -0.999966, -1.2e-05, 0.0, 0.0, 0.0, 1.0],
                [1.0, -0.0, 0.0, 0.124994, -0.0, -0.999967, 0.008086, -0.002831, 0.0, -0.008086, -0.999969, -1.2e-05, 0.0, 0.0, 0.0, 1.0],
                [1.0, -0.0, 0.0, 0.124994, -0.0, -0.99996, 0.008914, -0.002831, 0.0, -0.008914, -0.999962, -1.2e-05, 0.0, 0.0, 0.0, 1.0],
                [1.0, -0.0, 0.0, 0.124994, -0.0, -0.999967, 0.008086, -0.002831, 0.0, -0.008086, -0.999969, -1.2e-05, 0.0, 0.0, 0.0, 1.0],
                [1.0, -0.0, 0.0, 0.124994, -0.0, -0.999964, 0.008527, -0.002831, 0.0, -0.008528, -0.999966, -1.2e-05, 0.0, 0.0, 0.0, 1.0]
            ]
        },
        {
            "name": "Leg_R",
            "time": [0.0, 0.1833, 0.3833, 0.6, 0.7833],
            "transform": [
                [1.0, -0.0, 1e-06, 0.0, -0.0, 0.999895, 0.017047, 0.374726, -1e-06, -0.017048, 0.999809, 0.0, 0.0, 0.0, 0.0, 1.0],
                [1.0, -0.0, 1e-06, 0.0, -0.0, 0.999902, 0.016165, 0.374726, -1e-06, -0.016166, 0.999833, -0.0, 0.0, 0.0, 0.0, 1.0],
                [1.0, -0.0, 1e-06, -0.0, -0.0, 0.999886, 0.017818, 0.374726, -1e-06, -0.01782, 0.999789, 0.0, 0.0, 0.0, 0.0, 1.0],
                [1.0, -0.0, 1e-06, 0.0, -0.0, 0.999902, 0.016165, 0.374726, -1e-06, -0.016166, 0.999833, -0.0, 0.0, 0.0, 0.0, 1.0],
                [1.0, -0.0, 1e-06, 0.0, -0.0, 0.999895, 0.017047, 0.374726, -1e-06, -0.017048, 0.999809, 0.0, 0.0, 0.0, 0.0, 1.0]
            ]
        },
        {
            "name": "Knee_R",
            "time": [0.0, 0.7833],
            "transform": [
                [1.0, 0.0, -0.0, 0.0, -0.0, 0.00567, -0.999984, 0.374726, -0.0, 0.999984, 0.00567, 0.0, 0.0, 0.0, 0.0, 1.0],
                [1.0, 0.0, -0.0, 0.0, -0.0, 0.00567, -0.999984, 0.374726, -0.0, 0.999984, 0.00567, 0.0, 0.0, 0.0, 0.0, 1.0]
            ]
        },
        {
            "name": "Thigh_L",
            "time": [0.0, 0.1833, 0.3833, 0.6, 0.7833],
            "transform": [
                [1.0, -0.0, 0.0, -0.125006, -0.0, -0.999978, 0.006655, -0.002832, 0.0, -0.006655, -0.999979, -1.2e-05, 0.0, 0.0, 0.0, 1.0],
                [1.0, -0.0, 0.0, -0.125006, -0.0, -0.999979, 0.00649, -0.002832, 0.0, -0.00649, -0.99998, -1.2e-05, 0.0, 0.0, 0.0, 1.0],
                [1.0, -0.0, 0.0, -0.125006, -0.0, -0.999977, 0.006829, -0.002832, 0.0, -0.006829, -0.999978, -1.2e-05, 0.0, 0.0, 0.0, 1.0],
                [1.0, -0.0, 0.0, -0.125006, -0.0, -0.999979, 0.00649, -0.002832, 0.0, -0.00649, -0.99998, -1.2e-05, 0.0, 0.0, 0.0, 1.0],
                [1.0, -0.0, 0.0, -0.125006, -0.0, -0.999978, 0.006655, -0.002832, 0.0, -0.006655, -0.999979, -1.2e-05, 0.0, 0.0, 0.0, 1.0]
            ]
        },
        {
            "name": "Leg_L",
            "time": [0.0, 0.1833, 0.3833, 0.6, 0.7833],
            "transform": [
                [1.0, -0.0, 1e-06, -0.0, -0.0, 0.999919, 0.013304, 0.374726, -1e-06, -0.013304, 0.999903, -0.0, 0.0, 0.0, 0.0, 1.0],
                [1.0, -0.0, 1e-06, -0.0, -0.0, 0.999922, 0.012975, 0.374726, -1e-06, -0.012975, 0.99991, -0.0, 0.0, 0.0, 0.0, 1.0],
                [1.0, -0.0, 1e-06, -0.0, -0.0, 0.999916, 0.013653, 0.374726, -1e-06, -0.013653, 0.999896, -0.0, 0.0, 0.0, 0.0, 1.0],
                [1.0, -0.0, 1e-06, -0.0, -0.0, 0.999922, 0.012975, 0.374726, -1e-06, -0.012975, 0.99991, -0.0, 0.0, 0.0, 0.0, 1.0],
                [1.0, -0.0, 1e-06, -0.0, -0.0, 0.999919, 0.013304, 0.374726, -1e-06, -0.013304, 0.999903, -0.0, 0.0, 0.0, 0.0, 1.0]
            ]
        },
        {
            "name": "Knee_L",
            "time": [0.0, 0.7833],
            "transform": [
                [1.0, 0.0, -0.0, -0.0, -0.0, 0.00567, -0.999984, 0.374726, -0.0, 0.999984, 0.00567, -0.0, 0.0, 0.0, 0.0, 1.0],
                [1.0, 0.0, -0.0, -0.0, -0.0, 0.00567, -0.999984, 0.374726, -0.0, 0.999984, 0.00567, -0.0, 0.0, 0.0, 0.0, 1.0]
            ]
        },
        {
            "name": "Torso",
            "time": [0.0, 0.1833, 0.3833, 0.6, 0.7833],
            "transform": [
                [1.0, 0.0, 0.0, 0.0, 0.0, 1.0, 0.0, 0.05, 0.0, 0.0, 1.0, 0.0, 0.0, 0.0, 0.0, 1.0],
                [1.0, 0.0, 0.0, 0.0, 0.0, 1.0, 0.0, 0.05, 0.0, 0.0, 1.0, 0.0, 0.0, 0.0, 0.0, 1.0],
                [1.0, 0.0, 0.0, 0.0, 0.0, 1.0, 0.0, 0.05, 0.0, 0.0, 1.0, 0.0, 0.0, 0.0, 0.0, 1.0],
                [1.0, 0.0, 0.0, 0.0, 0.0, 1.0, 0.0, 0.05, 0.0, 0.0, 1.0, 0.0, 0.0, 0.0, 0.0, 1.0],
                [1.0, 0.0, 0.0, 0.0, 0.0, 1.0, 0.0, 0.05, 0.0, 0.0, 1.0, 0.0, 0.0, 0.0, 0.0, 1.0]
            ]
        },
        {
            "name": "Chest",
            "time": [0.0, 0.1833, 0.3833, 0.6, 0.7833],
            "transform": [
                [0.939362, 0.015134, 0.342593, 0.0, -0.043578, 0.996195, 0.075479, 0.3, -0.340147, -0.085832, 0.936447, 0.0, 0.0, 0.0, 0.0, 1.0],
                [1.0, 0.0, 0.0, 0.0, 0.0, 0.984808, 0.173648, 0.3, 0.0, -0.173648, 0.984808, 0.0, 0.0, 0.0, 0.0, 1.0],
                [0.905929, -0.015134, -0.42316, 0.0, 0.049991, 0.996194, 0.071394, 0.3, 0.420469, -0.085832, 0.903238, 0.0, 0.0, 0.0, 0.0, 1.0],
                [1.0, 0.0, 0.0, 0.0, 0.0, 0.984808, 0.173648, 0.3, 0.0, -0.173648, 0.984808, 0.0, 0.0, 0.0, 0.0, 1.0],
                [0.939362, 0.015134, 0.342593, 0.0, -0.043578, 0.996195, 0.075479, 0.3, -0.340147, -0.085832, 0.936447, 0.0, 0.0, 0.0, 0.0, 1.0]
            ]
        },
        {
            "name": "Head",
            "time": [0.0, 0.1833, 0.3833, 0.6, 0.7833],
            "transform": [
                [0.939363, -0.043578, -0.340147, -0.0, 0.015134, 0.996195, -0.085832, 0.4, 0.342593, 0.075479, 0.936447, -0.0, 0.0, 0.0, 0.0, 1.0],
                [0.999878, -0.009589, 0.012376, 0.0, 0.011591, 0.984776, -0.173441, 0.4, -0.010525, 0.173564, 0.984767, 0.0, 0.0, 0.0, 0.0, 1.0],
                [0.906423, 0.043247, 0.420153, 0.0, -0.007596, 0.996253, -0.086158, 0.4, -0.422305, 0.074905, 0.903354, -0.0, 0.0, 0.0, 0.0, 1.0],
                [0.999878, -0.009589, 0.012376, 0.0, 0.011591, 0.984776, -0.173441, 0.4, -0.010525, 0.173564, 0.984767, 0.0, 0.0, 0.0, 0.0, 1.0],
                [0.939363, -0.043578, -0.340147, -0.0, 0.015134, 0.996195, -0.085832, 0.4, 0.342593, 0.075479, 0.936447, -0.0, 0.0, 0.0, 0.0, 1.0]
            ]
        },
        {
            "name": "Shoulder_R",
            "time": [0.0, 0.1833, 0.3833, 0.6, 0.7833],
            "transform": [
                [0.0, 0.952114, 0.305743, -0.0, -0.0, -0.305743, 0.952114, 0.4, 1.0, -0.0, -0.0, -0.0, 0.0, 0.0, 0.0, 1.0],
                [0.0, 0.952114, 0.305743, 0.0, 0.0, -0.305743, 0.952114, 0.4, 1.0, 0.0, -0.0, 0.0, 0.0, 0.0, 0.0, 1.0],
                [0.0, 0.952114, 0.305743, 0.0, 0.0, -0.305743, 0.952114, 0.4, 1.0, -0.0, -0.0, -0.0, 0.0, 0.0, 0.0, 1.0],
                [0.0, 0.952114, 0.305743, 0.0, 0.0, -0.305743, 0.952114, 0.4, 1.0, 0.0, -0.0, 0.0, 0.0, 0.0, 0.0, 1.0],
                [0.0, 0.952114, 0.305743, -0.0, -0.0, -0.305743, 0.952114, 0.4, 1.0, -0.0, -0.0, -0.0, 0.0, 0.0, 0.0, 1.0]
            ]
        },
        {
            "name": "Arm_R",
            "time": [0.0, 0.1833, 0.3833, 0.6, 0.7833],
            "transform": [
                [0.231002, -0.294383, -0.927354, 0.0, 0.861332, 0.505151, 0.054201, 0.39386, 0.452494, -0.811279, 0.370251, 0.0, 0.0, 0.0, 0.0, 1.0],
                [-0.038656, -0.419639, -0.906873, 0.0, 0.948334, 0.270612, -0.165643, 0.393861, 0.314919, -0.866421, 0.387495, -0.0, 0.0, 0.0, 0.0, 1.0],
                [-0.434991, -0.580627, -0.688235, 0.0, 0.804334, 0.093031, -0.586857, 0.39386, 0.404768, -0.808847, 0.426548, 0.0, 0.0, 0.0, 0.0, 1.0],
                [-0.038656, -0.419639, -0.906873, 0.0, 0.948334, 0.270612, -0.165643, 0.393861, 0.314919, -0.866421, 0.387495, -0.0, 0.0, 0.0, 0.0, 1.0],
                [0.231002, -0.294383, -0.927354, 0.0, 0.861332, 0.505151, 0.054201, 0.39386, 0.452494, -0.811279, 0.370251, 0.0, 0.0, 0.0, 0.0, 1.0]
            ]
        },
        {
            "name": "Hand_R",
            "time": [0.0, 0.1833, 0.3833, 0.6, 0.7833],
            "transform": [
                [0.999999, -5e-06, 4e-06, -0.0, 5e-06, 0.287119, -0.95788, 0.300002, 4e-06, 0.957914, 0.287111, 0.0, 0.0, 0.0, 0.0, 1.0],
                [1.0, -4e-06, 3e-06, 0.0, 4e-06, 0.164182, -0.986418, 0.300003, 3e-06, 0.986444, 0.164179, 0.0, 0.0, 0.0, 0.0, 1.0],
                [1.0, -3e-06, 2e-06, -0.0, 3e-06, 0.53483, -0.844949, 0.300002, 2e-06, 0.844986, 0.534809, -0.0, 0.0, 0.0, 0.0, 1.0],
                [1.0, -4e-06, 3e-06, 0.0, 4e-06, 0.164182, -0.986418, 0.300003, 3e-06, 0.986444, 0.164179, 0.0, 0.0, 0.0, 0.0, 1.0],
                [0.999999, -5e-06, 4e-06, -0.0, 5e-06, 0.287119, -0.95788, 0.300002, 4e-06, 0.957914, 0.287111, 0.0, 0.0, 0.0, 0.0, 1.0]
            ]
        },
        {
            "name": "Tool_R",
            "time": [0.0, 0.1833, 0.3833, 0.6, 0.7833],
            "transform": [
                [0.999825, 0.015576, -0.010312, -0.012825, 0.012211, -0.962718, -0.270229, 0.231748, -0.014136, 0.270056, -0.962741, 0.002323, 0.0, 0.0, 0.0, 1.0],
                [0.999825, 0.015576, -0.010312, -0.012825, 0.012211, -0.962718, -0.270229, 0.231748, -0.014136, 0.270056, -0.962741, 0.002322, 0.0, 0.0, 0.0, 1.0],
                [0.999826, 0.015576, -0.010312, -0.012825, 0.012211, -0.962718, -0.270229, 0.231748, -0.014136, 0.270056, -0.962741, 0.002322, 0.0, 0.0, 0.0, 1.0],
                [0.999825, 0.015576, -0.010312, -0.012825, 0.012211, -0.962718, -0.270229, 0.231748, -0.014136, 0.270056, -0.962741, 0.002322, 0.0, 0.0, 0.0, 1.0],
                [0.999825, 0.015576, -0.010312, -0.012825, 0.012211, -0.962718, -0.270229, 0.231748, -0.014136, 0.270056, -0.962741, 0.002323, 0.0, 0.0, 0.0, 1.0]
            ]
        },
        {
            "name": "Elbow_R",
            "time": [0.0, 0.7833],
            "transform": [
                [-1.0, 0.0, -0.0, -0.0, 0.0, 0.003946, -0.999992, 0.419108, -0.0, -0.999993, -0.003946, -0.000782, 0.0, 0.0, 0.0, 1.0],
                [-1.0, 0.0, -0.0, -0.0, 0.0, 0.003946, -0.999992, 0.419108, -0.0, -0.999993, -0.003946, -0.000782, 0.0, 0.0, 0.0, 1.0]
            ]
        },
        {
            "name": "Shoulder_L",
            "time": [0.0, 0.1833, 0.3833, 0.6, 0.7833],
            "transform": [
                [-0.0, -0.952114, -0.305743, -0.0, 0.0, -0.305744, 0.952114, 0.4, -1.0, -0.0, 0.0, -0.0, 0.0, 0.0, 0.0, 1.0],
                [-0.0, -0.952114, -0.305743, 0.0, 0.0, -0.305743, 0.952114, 0.4, -0.999999, 0.0, 0.0, 0.0, 0.0, 0.0, 0.0, 1.0],
                [0.0, -0.952114, -0.305743, 0.0, 0.0, -0.305743, 0.952114, 0.4, -1.0, -0.0, 0.0, -0.0, 0.0, 0.0, 0.0, 1.0],
                [-0.0, -0.952114, -0.305743, 0.0, 0.0, -0.305743, 0.952114, 0.4, -0.999999, 0.0, 0.0, 0.0, 0.0, 0.0, 0.0, 1.0],
                [-0.0, -0.952114, -0.305743, -0.0, 0.0, -0.305744, 0.952114, 0.4, -1.0, -0.0, 0.0, -0.0, 0.0, 0.0, 0.0, 1.0]
            ]
        },
        {
            "name": "Arm_L",
            "time": [0.0, 0.1833, 0.3833, 0.6, 0.7833],
            "transform": [
                [-0.351536, -0.041569, 0.93525, -0.0, -0.845651, 0.442675, -0.298182, 0.39386, -0.401618, -0.895713, -0.190769, 0.0, 0.0, 0.0, 0.0, 1.0],
                [-0.093734, -0.063027, 0.993601, -0.0, -0.915947, 0.396594, -0.061251, 0.39386, -0.390197, -0.915824, -0.094904, 0.0, 0.0, 0.0, 0.0, 1.0],
                [0.250983, -0.059456, 0.966163, 0.0, -0.854565, 0.455206, 0.250006, 0.39386, -0.454668, -0.888393, 0.06344, -0.0, 0.0, 0.0, 0.0, 1.0],
                [-0.093734, -0.063027, 0.993601, -0.0, -0.915947, 0.396594, -0.061251, 0.39386, -0.390197, -0.915824, -0.094904, 0.0, 0.0, 0.0, 0.0, 1.0],
                [-0.351536, -0.041569, 0.93525, -0.0, -0.845651, 0.442675, -0.298182, 0.39386, -0.401618, -0.895713, -0.190769, 0.0, 0.0, 0.0, 0.0, 1.0]
            ]
        },
        {
            "name": "Hand_L",
            "time": [0.0, 0.1833, 0.3833, 0.6, 0.7833],
            "transform": [
                [1.000001, -2e-06, 1e-06, -0.0, 2e-06, 0.724923, -0.688828, 0.300002, 1e-06, 0.688812, 0.724936, -0.0, 0.0, 0.0, 0.0, 1.0],
                [1.000001, 0.0, -0.0, -0.0, -0.0, 0.893629, -0.448805, 0.300003, -0.0, 0.4488, 0.893632, -0.0, 0.0, 0.0, 0.0, 1.0],
                [1.000003, -1e-06, 1e-06, -0.0, 1e-06, 0.693967, -0.720009, 0.300002, 1e-06, 0.719977, 0.693991, -0.0, 0.0, 0.0, 0.0, 1.0],
                [1.000001, 0.0, -0.0, -0.0, -0.0, 0.893629, -0.448805, 0.300003, -0.0, 0.4488, 0.893632, -0.0, 0.0, 0.0, 0.0, 1.0],
                [1.000001, -2e-06, 1e-06, -0.0, 2e-06, 0.724923, -0.688828, 0.300002, 1e-06, 0.688812, 0.724936, -0.0, 0.0, 0.0, 0.0, 1.0]
            ]
        },
        {
            "name": "Tool_L",
            "time": [0.0, 0.7833],
            "transform": [
                [1.000001, -0.0, 0.0, -0.0, -0.0, -0.973887, -0.227034, 0.271711, 0.0, 0.227034, -0.973887, -0.028915, 0.0, 0.0, 0.0, 1.0],
                [1.000001, -0.0, 0.0, -0.0, -0.0, -0.973887, -0.227034, 0.271711, 0.0, 0.227034, -0.973887, -0.028915, 0.0, 0.0, 0.0, 1.0]
            ]
        },
        {
            "name": "Elbow_L",
            "time": [0.0, 0.7833],
            "transform": [
                [-1.0, 0.0, -0.0, 0.0, 0.0, 0.003946, -0.999992, 0.370405, -0.0, -0.999993, -0.003946, -0.000975, 0.0, 0.0, 0.0, 1.0],
                [-1.0, 0.0, -0.0, 0.0, 0.0, 0.003946, -0.999992, 0.370405, -0.0, -0.999993, -0.003946, -0.000975, 0.0, 0.0, 0.0, 1.0]
            ]
        }
    ]
}