{
    "animation": [
        {
            "name": "Root",
            "time": [0.0, 0.1667, 0.3833, 0.5667, 0.7833],
            "transform": [
                [1.0, 0.0, 0.0, -5e-06, 0.0, 0.0, -1.0, 0.000946, 0.0, 1.0, 0.0, 0.763972, 0.0, 0.0, 0.0, 1.0],
                [1.0, 0.0, 0.0, -5e-06, 0.0, 0.0, -1.0, 0.000946, 0.0, 1.0, 0.0, 0.763972, 0.0, 0.0, 0.0, 1.0],
                [1.0, 0.0, 0.0, -5e-06, 0.0, 0.0, -1.0, 0.000946, 0.0, 1.0, 0.0, 0.763972, 0.0, 0.0, 0.0, 1.0],
                [1.0, 0.0, 0.0, -5e-06, 0.0, 0.0, -1.0, 0.000946, 0.0, 1.0, 0.0, 0.763972, 0.0, 0.0, 0.0, 1.0],
                [1.0, 0.0, 0.0, -5e-06, 0.0, 0.0, -1.0, 0.000946, 0.0, 1.0, 0.0, 0.763972, 0.0, 0.0, 0.0, 1.0]
            ]
        },
        {
            "name": "Thigh_R",
            "time": [0.0, 0.1667, 0.3833, 0.5667, 0.7833],
            "transform": [
                [1.0, -0.0, 0.0, 0.124994, -0.0, -0.999948, 0.010327, -0.002831, 0.0, -0.010327, -0.99995, -1.2e-05, 0.0, 0.0, 0.0, 1.0],
                [1.0, -0.0, 0.0, 0.124994, -0.0, -0.99995, 0.010107, -0.002831, 0.0, -0.010107, -0.999952, -1.2e-05, 0.0, 0.0, 0.0, 1.0],
                [1.0, -0.0, 0.0, 0.124994, -0.0, -0.999948, 0.010327, -0.002831, 0.0, -0.010327, -0.99995, -1.2e-05, 0.0, 0.0, 0.0, 1.0],
                [1.0, -0.0, 0.0, 0.124994, -0.0, -0.99995, 0.010107, -0.002831, 0.0, -0.010107, -0.999952, -1.2e-05, 0.0, 0.0, 0.0, 1.0],
                [1.0, -0.0, 0.0, 0.124994, -0.0, -0.999948, 0.010327, -0.002831, 0.0, -0.010327, -0.99995, -1.2e-05, 0.0, 0.0, 0.0, 1.0]
            ]
        },
        {
            "name": "Leg_R",
            "time": [0.0, 0.1667, 0.3833, 0.5667, 0.7833],
            "transform": [
                [1.0, -0.0, 1e-06, 0.0, -0.0, 0.999859, 0.020642, 0.374726, -1e-06, -0.020645, 0.999704, 0.0, 0.0, 0.0, 0.0, 1.0],
                [1.0, -0.0, 1e-06, -0.0, -0.0, 0.999864, 0.020203, 0.374726, -1e-06, -0.020206, 0.999717, -0.0, 0.0, 0.0, 0.0, 1.0],
                [1.0, -0.0, 1e-06, 0.0, -0.0, 0.999859, 0.020642, 0.374726, -1e-06, -0.020645, 0.999704, 0.0, 0.0, 0.0, 0.0, 1.0],
                [1.0, -0.0, 1e-06, -0.0, -0.0, 0.999864, 0.020203, 0.374726, -1e-06, -0.020206, 0.999717, -0.0, 0.0, 0.0, 0.0, 1.0],
                [1.0, -0.0, 1e-06, 0.0, -0.0, 0.999859, 0.020642, 0.374726, -1e-06, -0.020645, 0.999704, 0.0, 0.0, 0.0, 0.0, 1.0]
            ]
        },
        {
            "name": "Knee_R",
            "time": [0.0, 0.7833],
            "transform": [
                [1.0, 0.0, -0.0, -0.0, -0.0, 0.00567, -0.999984, 0.374726, -0.0, 0.999984, 0.00567, -0.0, 0.0, 0.0, 0.0, 1.0],
                [1.0, 0.0, -0.0, -0.0, -0.0, 0.00567, -0.999984, 0.374726, -0.0, 0.999984, 0.00567, -0.0, 0.0, 0.0, 0.0, 1.0]
            ]
        },
        {
            "name": "Thigh_L",
            "time": [0.0, 0.1667, 0.3833, 0.5667, 0.7833],
            "transform": [
                [1.0, -0.0, 0.0, -0.125006, -0.0, -0.999974, 0.007474, -0.002833, 0.0, -0.007474, -0.999974, -1.2e-05, 0.0, 0.0, 0.0, 1.0],
                [1.0, -0.0, 0.0, -0.125006, -0.0, -0.999974, 0.007376, -0.002833, 0.0, -0.007376, -0.999975, -1.2e-05, 0.0, 0.0, 0.0, 1.0],
                [1.0, -0.0, 0.0, -0.125006, -0.0, -0.999974, 0.007474, -0.002833, 0.0, -0.007474, -0.999974, -1.2e-05, 0.0, 0.0, 0.0, 1.0],
                [1.0, -0.0, 0.0, -0.125006, -0.0, -0.999974, 0.007376, -0.002833, 0.0, -0.007376, -0.999975, -1.2e-05, 0.0, 0.0, 0.0, 1.0],
                [1.0, -0.0, 0.0, -0.125006, -0.0, -0.999974, 0.007474, -0.002833, 0.0, -0.007474, -0.999974, -1.2e-05, 0.0, 0.0, 0.0, 1.0]
            ]
        },
        {
            "name": "Leg_L",
            "time": [0.0, 0.1667, 0.3833, 0.5667, 0.7833],
            "transform": [
                [1.0, -0.0, 1e-06, -0.0, -0.0, 0.999901, 0.014942, 0.374726, -1e-06, -0.014942, 0.999869, -0.0, 0.0, 0.0, 0.0, 1.0],
                [1.0, -0.0, 1e-06, -0.0, -0.0, 0.999903, 0.014746, 0.374726, -1e-06, -0.014746, 0.999873, -0.0, 0.0, 0.0, 0.0, 1.0],
                [1.0, -0.0, 1e-06, -0.0, -0.0, 0.999901, 0.014942, 0.374726, -1e-06, -0.014942, 0.999869, -0.0, 0.0, 0.0, 0.0, 1.0],
                [1.0, -0.0, 1e-06, -0.0, -0.0, 0.999903, 0.014746, 0.374726, -1e-06, -0.014746, 0.999873, -0.0, 0.0, 0.0, 0.0, 1.0],
                [1.0, -0.0, 1e-06, -0.0, -0.0, 0.999901, 0.014942, 0.374726, -1e-06, -0.014942, 0.999869, -0.0, 0.0, 0.0, 0.0, 1.0]
            ]
        },
        {
            "name": "Knee_L",
            "time": [0.0, 0.7833],
            "transform": [
                [1.0, 0.0, -0.0, -0.0, -0.0, 0.00567, -0.999984, 0.374726, -0.0, 0.999984, 0.00567, -0.0, 0.0, 0.0, 0.0, 1.0],
                [1.0, 0.0, -0.0, -0.0, -0.0, 0.00567, -0.999984, 0.374726, -0.0, 0.999984, 0.00567, -0.0, 0.0, 0.0, 0.0, 1.0]
            ]
        },
        {
            "name": "Torso",
            "time": [0.0, 0.1667, 0.3833, 0.5667, 0.7833],
            "transform": [
                [1.0, 0.0, 0.0, 0.0, 0.0, 1.0, 0.0, 0.05, 0.0, 0.0, 1.0, 0.0, 0.0, 0.0, 0.0, 1.0],
                [1.0, 0.0, 0.0, 0.0, 0.0, 1.0, 0.0, 0.05, 0.0, 0.0, 1.0, 0.0, 0.0, 0.0, 0.0, 1.0],
                [1.0, 0.0, 0.0, 0.0, 0.0, 1.0, 0.0, 0.05, 0.0, 0.0, 1.0, 0.0, 0.0, 0.0, 0.0, 1.0],
                [1.0, 0.0, 0.0, 0.0, 0.0, 1.0, 0.0, 0.05, 0.0, 0.0, 1.0, 0.0, 0.0, 0.0, 0.0, 1.0],
                [1.0, 0.0, 0.0, 0.0, 0.0, 1.0, 0.0, 0.05, 0.0, 0.0, 1.0, 0.0, 0.0, 0.0, 0.0, 1.0]
            ]
        },
        {
            "name": "Chest",
            "time": [0.0, 0.1667, 0.3833, 0.5667, 0.7833],
            "transform": [
                [0.920318, -0.025073, -0.390368, 0.0, 0.066088, 0.993564, 0.091992, 0.3, 0.385549, -0.11046, 0.916052, 0.0, 0.0, 0.0, 0.0, 1.0],
                [0.683932, 0.131046, -0.71768, 0.0, 0.163624, 0.93112, 0.325949, 0.3, 0.71096, -0.340356, 0.615381, 0.0, 0.0, 0.0, 0.0, 1.0],
                [0.583226, 0.141354, -0.799917, 0.0, 0.044898, 0.977628, 0.205493, 0.3, 0.811068, -0.155764, 0.563832, 0.0, 0.0, 0.0, 0.0, 1.0],
                [0.683932, 0.131046, -0.71768, 0.0, 0.163624, 0.93112, 0.325949, 0.3, 0.71096, -0.340356, 0.615381, 0.0, 0.0, 0.0, 0.0, 1.0],
                [0.920318, -0.025073, -0.390368, 0.0, 0.066088, 0.993564, 0.091992, 0.3, 0.385549, -0.11046, 0.916052, 0.0, 0.0, 0.0, 0.0, 1.0]
            ]
        },
        {
            "name": "Head",
            "time": [0.0, 0.1667, 0.3833, 0.5667, 0.7833],
            "transform": [
                [0.920724, 0.057938, 0.385891, 0.0, -0.015768, 0.993633, -0.111562, 0.4, -0.389898, 0.096633, 0.915774, 0.0, 0.0, 0.0, 0.0, 1.0],
                [0.685113, 0.158029, 0.711089, -0.0, 0.139863, 0.929484, -0.341319, 0.4, -0.714884, 0.333297, 0.614699, 0.0, 0.0, 0.0, 0.0, 1.0],
                [0.584931, 0.040341, 0.810079, 0.0, 0.150202, 0.9761, -0.157064, 0.4, -0.797055, 0.213547, 0.564891, 0.0, 0.0, 0.0, 0.0, 1.0],
                [0.685113, 0.158029, 0.711089, -0.0, 0.139863, 0.929484, -0.341319, 0.4, -0.714884, 0.333297, 0.614699, 0.0, 0.0, 0.0, 0.0, 1.0],
                [0.920724, 0.057938, 0.385891, 0.0, -0.015768, 0.993633, -0.111562, 0.4, -0.389898, 0.096633, 0.915774, 0.0, 0.0, 0.0, 0.0, 1.0]
            ]
        },
        {
            "name": "Shoulder_R",
            "time": [0.0, 0.1667, 0.3833, 0.5667, 0.7833],
            "transform": [
                [-0.0, 0.952114, 0.305744, 0.0, 0.0, -0.305743, 0.952115, 0.4, 1.000001, 0.0, -0.0, 0.0, 0.0, 0.0, 0.0, 1.0],
                [-0.0, 0.952114, 0.305744, -0.0, 0.0, -0.305743, 0.952115, 0.4, 1.000001, 0.0, -0.0, 0.0, 0.0, 0.0, 0.0, 1.0],
                [-0.0, 0.952114, 0.305744, 0.0, 0.0, -0.305743, 0.952115, 0.4, 1.000001, 0.0, -0.0, 0.0, 0.0, 0.0, 0.0, 1.0],
                [-0.0, 0.952114, 0.305744, -0.0, 0.0, -0.305743, 0.952115, 0.4, 1.000001, 0.0, -0.0, 0.0, 0.0, 0.0, 0.0, 1.0],
                [-0.0, 0.952114, 0.305744, 0.0, 0.0, -0.305743, 0.952115, 0.4, 1.000001, 0.0, -0.0, 0.0, 0.0, 0.0, 0.0, 1.0]
            ]
        },
        {
            "name": "Arm_R",
            "time": [0.0, 0.1667, 0.3833, 0.5667, 0.7833],
            "transform": [
                [-0.33807, -0.940689, 0.028826, 0.0, -0.00329, -0.029449, -0.999561, 0.393861, 0.94112, -0.338017, 0.006861, -0.0, 0.0, 0.0, 0.0, 1.0],
                [0.017716, -0.93957, 0.341923, -0.0, -0.129768, -0.341246, -0.930974, 0.39386, 0.991391, -0.027877, -0.12797, 0.0, 0.0, 0.0, 0.0, 1.0],
                [-0.243155, -0.966228, 0.085417, -0.0, -0.045989, -0.076478, -0.996011, 0.39386, 0.968902, -0.246114, -0.025839, -0.0, 0.0, 0.0, 0.0, 1.0],
                [0.017716, -0.93957, 0.341923, -0.0, -0.129768, -0.341246, -0.930974, 0.39386, 0.991391, -0.027877, -0.12797, 0.0, 0.0, 0.0, 0.0, 1.0],
                [-0.33807, -0.940689, 0.028826, 0.0, -0.00329, -0.029449, -0.999561, 0.393861, 0.94112, -0.338017, 0.006861, -0.0, 0.0, 0.0, 0.0, 1.0]
            ]
        },
        {
            "name": "Hand_R",
            "time": [0.0, 0.1667, 0.3833, 0.5667, 0.7833],
            "transform": [
                [0.999999, -3e-06, 2e-06, -0.0, 3e-06, 0.463551, -0.885998, 0.300003, 2e-06, 0.886167, 0.463471, -0.0, 0.0, 0.0, 0.0, 1.0],
                [0.999999, -2e-06, 1e-06, 0.0, 3e-06, 0.6908, -0.723021, 0.300003, 1e-06, 0.723127, 0.690711, 0.0, 0.0, 0.0, 0.0, 1.0],
                [1.0, -3e-06, 3e-06, -0.0, 3e-06, 0.257846, -0.966089, 0.300003, 3e-06, 0.966277, 0.257801, -0.0, 0.0, 0.0, 0.0, 1.0],
                [0.999999, -2e-06, 1e-06, 0.0, 3e-06, 0.6908, -0.723021, 0.300003, 1e-06, 0.723127, 0.690711, 0.0, 0.0, 0.0, 0.0, 1.0],
                [0.999999, -3e-06, 2e-06, -0.0, 3e-06, 0.463551, -0.885998, 0.300003, 2e-06, 0.886167, 0.463471, -0.0, 0.0, 0.0, 0.0, 1.0]
            ]
        },
        {
            "name": "Tool_R",
            "time": [0.0, 0.1667, 0.3833, 0.5667, 0.7833],
            "transform": [
                [0.31097, 0.02198, -0.950167, -0.040623, -0.185598, -0.979081, -0.083392, 0.221329, -0.932124, 0.202281, -0.300385, -0.029314, 0.0, 0.0, 0.0, 1.0],
                [0.318782, -0.00727, -0.947801, -0.0363, 0.026782, -0.999502, 0.016674, 0.215823, -0.947451, -0.030699, -0.318429, -0.045996, 0.0, 0.0, 0.0, 1.0],
                [0.428486, 0.102224, -0.897748, -0.034511, -0.180537, -0.963858, -0.19592, 0.216209, -0.885329, 0.246025, -0.394544, -0.039443, 0.0, 0.0, 0.0, 1.0],
                [0.318782, -0.00727, -0.947801, -0.0363, 0.026782, -0.999502, 0.016674, 0.215823, -0.947451, -0.030699, -0.318429, -0.045996, 0.0, 0.0, 0.0, 1.0],
                [0.31097, 0.02198, -0.950167, -0.040623, -0.185598, -0.979081, -0.083392, 0.221329, -0.932124, 0.202281, -0.300385, -0.029314, 0.0, 0.0, 0.0, 1.0]
            ]
        },
        {
            "name": "Elbow_R",
            "time": [0.0, 0.7833],
            "transform": [
                [-1.0, 0.0, -0.0, -0.0, 0.0, 0.003946, -0.999992, 0.401233, -0.0, -0.999992, -0.003946, -0.000853, 0.0, 0.0, 0.0, 1.0],
                [-1.0, 0.0, -0.0, -0.0, 0.0, 0.003946, -0.999992, 0.401233, -0.0, -0.999992, -0.003946, -0.000853, 0.0, 0.0, 0.0, 1.0]
            ]
        },
        {
            "name": "Shoulder_L",
            "time": [0.0, 0.1667, 0.3833, 0.5667, 0.7833],
            "transform": [
                [0.0, -0.952114, -0.305743, 0.0, -0.0, -0.305744, 0.952114, 0.4, -1.0, -0.0, -0.0, 0.0, 0.0, 0.0, 0.0, 1.0],
                [0.0, -0.952114, -0.305744, -0.0, 0.0, -0.305744, 0.952114, 0.4, -1.0, -0.0, -0.0, 0.0, 0.0, 0.0, 0.0, 1.0],
                [0.0, -0.952114, -0.305744, 0.0, 0.0, -0.305744, 0.952114, 0.4, -1.0, -0.0, -0.0, 0.0, 0.0, 0.0, 0.0, 1.0],
                [0.0, -0.952114, -0.305744, -0.0, 0.0, -0.305744, 0.952114, 0.4, -1.0, -0.0, -0.0, 0.0, 0.0, 0.0, 0.0, 1.0],
                [0.0, -0.952114, -0.305743, 0.0, -0.0, -0.305744, 0.952114, 0.4, -1.0, -0.0, -0.0, 0.0, 0.0, 0.0, 0.0, 1.0]
            ]
        },
        {
            "name": "Arm_L",
            "time": [0.0, 0.1667, 0.3833, 0.5667, 0.7833],
            "transform": [
                [-0.300493, 0.946808, 0.115133, -0.0, -0.353024, 0.001728, -0.93561, 0.39386, -0.886036, -0.321791, 0.333729, 0.0, 0.0, 0.0, 0.0, 1.0],
                [-0.004636, 0.993066, 0.117467, 0.0, -0.445013, 0.103147, -0.88956, 0.39386, -0.895502, -0.056398, 0.441451, 0.0, 0.0, 0.0, 0.0, 1.0],
                [-0.178659, 0.822462, 0.540033, 0.0, -0.469899, 0.410898, -0.78125, 0.39386, -0.864439, -0.393341, 0.313066, -0.0, 0.0, 0.0, 0.0, 1.0],
                [-0.004636, 0.993066, 0.117467, 0.0, -0.445013, 0.103147, -0.88956, 0.39386, -0.895502, -0.056398, 0.441451, 0.0, 0.0, 0.0, 0.0, 1.0],
                [-0.300493, 0.946808, 0.115133, -0.0, -0.353024, 0.001728, -0.93561, 0.39386, -0.886036, -0.321791, 0.333729, 0.0, 0.0, 0.0, 0.0, 1.0]
            ]
        },
        {
            "name": "Hand_L",
            "time": [0.0, 0.1667, 0.3833, 0.5667, 0.7833],
            "transform": [
                [1.000003, 3e-06, -1e-06, 0.0, -3e-06, 0.920247, -0.391323, 0.300003, -1e-06, 0.391316, 0.920265, -0.0, 0.0, 0.0, 0.0, 1.0],
                [1.000003, 2e-06, -1e-06, -0.0, -2e-06, 0.777425, -0.628972, 0.300003, -1e-06, 0.628965, 0.777437, 0.0, 0.0, 0.0, 0.0, 1.0],
                [1.000004, -3e-06, 2e-06, -0.0, 3e-06, 0.322702, -0.946508, 0.300003, 2e-06, 0.946495, 0.322706, 0.0, 0.0, 0.0, 0.0, 1.0],
                [1.000003, 2e-06, -1e-06, -0.0, -2e-06, 0.777425, -0.628972, 0.300003, -1e-06, 0.628965, 0.777437, 0.0, 0.0, 0.0, 0.0, 1.0],
                [1.000003, 3e-06, -1e-06, 0.0, -3e-06, 0.920247, -0.391323, 0.300003, -1e-06, 0.391316, 0.920265, -0.0, 0.0, 0.0, 0.0, 1.0]
            ]
        },
        {
            "name": "Tool_L",
            "time": [0.0, 0.7833],
            "transform": [
                [1.0, -0.0, 0.0, -0.0, 0.0, -0.973887, -0.227034, 0.271711, 0.0, 0.227034, -0.973887, -0.028915, 0.0, 0.0, 0.0, 1.0],
                [1.0, -0.0, 0.0, -0.0, 0.0, -0.973887, -0.227034, 0.271711, 0.0, 0.227034, -0.973887, -0.028915, 0.0, 0.0, 0.0, 1.0]
            ]
        },
        {
            "name": "Elbow_L",
            "time": [0.0, 0.7833],
            "transform": [
                [-1.0, 0.0, -0.0, -0.0, 0.0, 0.003946, -0.999992, 0.336876, -0.0, -0.999993, -0.003946, -0.001107, 0.0, 0.0, 0.0, 1.0],
                [-1.0, 0.0, -0.0, -0.0, 0.0, 0.003946, -0.999992, 0.336876, -0.0, -0.999993, -0.003946, -0.001107, 0.0, 0.0, 0.0, 1.0]
            ]
        }
    ]
}