{
    "animation": [
        {
            "name": "Root",
            "time": [0.0, 1.3333, 2.6667],
            "transform": [
                [1.0, 0.0, 0.0, -5e-06, 0.0, 0.0, -1.0, 0.000946, 0.0, 1.0, 0.0, 0.763972, 0.0, 0.0, 0.0, 1.0],
                [1.0, 0.0, 0.0, -5e-06, 0.0, 0.0, -1.0, 0.000946, 0.0, 1.0, 0.0, 0.763972, 0.0, 0.0, 0.0, 1.0],
                [1.0, 0.0, 0.0, -5e-06, 0.0, 0.0, -1.0, 0.000946, 0.0, 1.0, 0.0, 0.763972, 0.0, 0.0, 0.0, 1.0]
            ]
        },
        {
            "name": "Thigh_R",
            "time": [0.0, 1.3333, 2.6667],
            "transform": [
                [1.0, -0.0, 0.0, 0.124994, -0.0, -0.99995, 0.010107, -0.002831, 0.0, -0.010107, -0.999952, -1.2e-05, 0.0, 0.0, 0.0, 1.0],
                [1.0, -0.0, 0.0, 0.124994, -0.0, -0.999949, 0.010217, -0.002831, 0.0, -0.010217, -0.999951, -1.2e-05, 0.0, 0.0, 0.0, 1.0],
                [1.0, -0.0, 0.0, 0.124994, -0.0, -0.99995, 0.010107, -0.002831, 0.0, -0.010107, -0.999952, -1.2e-05, 0.0, 0.0, 0.0, 1.0]
            ]
        },
        {
            "name": "Leg_R",
            "time": [0.0, 1.3333, 2.6667],
            "transform": [
                [1.0, -0.0, 1e-06, -0.0, -0.0, 0.999864, 0.020203, 0.374726, -1e-06, -0.020206, 0.999717, -0.0, 0.0, 0.0, 0.0, 1.0],
                [1.0, -0.0, 1e-06, -0.0, -0.0, 0.999861, 0.020423, 0.374726, -1e-06, -0.020427, 0.999711, 0.0, 0.0, 0.0, 0.0, 1.0],
                [1.0, -0.0, 1e-06, -0.0, -0.0, 0.999864, 0.020203, 0.374726, -1e-06, -0.020206, 0.999717, -0.0, 0.0, 0.0, 0.0, 1.0]
            ]
        },
        {
            "name": "Knee_R",
            "time": [0.0, 2.6667],
            "transform": [
                [1.0, 0.0, -0.0, -0.0, -0.0, 0.00567, -0.999984, 0.374726, -0.0, 0.999984, 0.00567, 0.0, 0.0, 0.0, 0.0, 1.0],
                [1.0, 0.0, -0.0, -0.0, -0.0, 0.00567, -0.999984, 0.374726, -0.0, 0.999984, 0.00567, 0.0, 0.0, 0.0, 0.0, 1.0]
            ]
        },
        {
            "name": "Thigh_L",
            "time": [0.0, 1.3333, 2.6667],
            "transform": [
                [1.0, -0.0, 0.0, -0.125006, -0.0, -0.999974, 0.007376, -0.002833, 0.0, -0.007376, -0.999975, -1.2e-05, 0.0, 0.0, 0.0, 1.0],
                [1.0, -0.0, 0.0, -0.125006, -0.0, -0.999974, 0.007415, -0.002833, 0.0, -0.007415, -0.999975, -1.2e-05, 0.0, 0.0, 0.0, 1.0],
                [1.0, -0.0, 0.0, -0.125006, -0.0, -0.999974, 0.007376, -0.002833, 0.0, -0.007376, -0.999975, -1.2e-05, 0.0, 0.0, 0.0, 1.0]
            ]
        },
        {
            "name": "Leg_L",
            "time": [0.0, 1.3333, 2.6667],
            "transform": [
                [1.0, -0.0, 1e-06, -0.0, -0.0, 0.999903, 0.014746, 0.374726, -1e-06, -0.014746, 0.999873, -0.0, 0.0, 0.0, 0.0, 1.0],
                [1.0, -0.0, 1e-06, -0.0, -0.0, 0.999902, 0.014824, 0.374726, -1e-06, -0.014825, 0.999871, 0.0, 0.0, 0.0, 0.0, 1.0],
                [1.0, -0.0, 1e-06, -0.0, -0.0, 0.999903, 0.014746, 0.374726, -1e-06, -0.014746, 0.999873, -0.0, 0.0, 0.0, 0.0, 1.0]
            ]
        },
        {
            "name": "Knee_L",
            "time": [0.0, 2.6667],
            "transform": [
                [1.0, 0.0, -0.0, -0.0, -0.0, 0.00567, -0.999984, 0.374726, -0.0, 0.999984, 0.00567, -0.0, 0.0, 0.0, 0.0, 1.0],
                [1.0, 0.0, -0.0, -0.0, -0.0, 0.00567, -0.999984, 0.374726, -0.0, 0.999984, 0.00567, -0.0, 0.0, 0.0, 0.0, 1.0]
            ]
        },
        {
            "name": "Torso",
            "time": [0.0, 1.3333, 2.6667],
            "transform": [
                [1.0, 0.0, 0.0, 0.0, 0.0, 0.965926, 0.258819, 0.05, 0.0, -0.258819, 0.965926, 0.0, 0.0, 0.0, 0.0, 1.0],
                [1.0, 0.0, 0.0, 0.0, 0.0, 0.965926, 0.258819, 0.05, 0.0, -0.258819, 0.965926, 0.0, 0.0, 0.0, 0.0, 1.0],
                [1.0, 0.0, 0.0, 0.0, 0.0, 0.965926, 0.258819, 0.05, 0.0, -0.258819, 0.965926, 0.0, 0.0, 0.0, 0.0, 1.0]
            ]
        },
        {
            "name": "Chest",
            "time": [0.0, 1.3333, 2.6667],
            "transform": [
                [0.774664, 0.214924, -0.59473, 0.0, 0.325496, 0.670803, 0.66639, 0.3, 0.54217, -0.70981, 0.44969, 0.0, 0.0, 0.0, 0.0, 1.0],
                [0.774664, 0.214924, -0.59473, 0.0, 0.37151, 0.606387, 0.703047, 0.3, 0.511738, -0.765573, 0.389899, 0.0, 0.0, 0.0, 0.0, 1.0],
                [0.774664, 0.214924, -0.59473, 0.0, 0.325496, 0.670803, 0.66639, 0.3, 0.54217, -0.70981, 0.44969, 0.0, 0.0, 0.0, 0.0, 1.0]
            ]
        },
        {
            "name": "Head",
            "time": [0.0, 1.3333, 2.6667],
            "transform": [
                [0.778672, 0.447978, 0.439302, 0.0, 0.219618, 0.461265, -0.859652, 0.4, -0.58774, 0.765866, 0.26079, -0.0, 0.0, 0.0, 0.0, 1.0],
                [0.779031, 0.484501, 0.397957, 0.0, 0.218921, 0.384573, -0.896759, 0.4, -0.587525, 0.785725, 0.193527, -0.0, 0.0, 0.0, 0.0, 1.0],
                [0.778672, 0.447978, 0.439302, 0.0, 0.219618, 0.461265, -0.859652, 0.4, -0.58774, 0.765866, 0.26079, -0.0, 0.0, 0.0, 0.0, 1.0]
            ]
        },
        {
            "name": "Shoulder_R",
            "time": [0.0, 1.3333, 2.6667],
            "transform": [
                [-0.0, 0.952114, 0.305744, 0.0, 0.0, -0.305743, 0.952115, 0.4, 1.000001, 0.0, -0.0, -0.0, 0.0, 0.0, 0.0, 1.0],
                [-0.0, 0.952114, 0.305744, 0.0, 0.0, -0.305743, 0.952115, 0.4, 1.0, 0.0, -0.0, -0.0, 0.0, 0.0, 0.0, 1.0],
                [-0.0, 0.952114, 0.305744, 0.0, 0.0, -0.305743, 0.952115, 0.4, 1.000001, 0.0, -0.0, -0.0, 0.0, 0.0, 0.0, 1.0]
            ]
        },
        {
            "name": "Arm_R",
            "time": [0.0, 1.3333, 2.6667],
            "transform": [
                [-0.506094, -0.829645, -0.23574, 0.0, -0.136009, 0.346679, -0.928072, 0.39386, 0.851692, -0.437631, -0.288287, 0.0, 0.0, 0.0, 0.0, 1.0],
                [-0.46349, -0.875962, -0.133723, -0.0, -0.083551, 0.193442, -0.977548, 0.39386, 0.88216, -0.441913, -0.162844, 0.0, 0.0, 0.0, 0.0, 1.0],
                [-0.506094, -0.829645, -0.23574, 0.0, -0.136009, 0.346679, -0.928072, 0.39386, 0.851692, -0.437631, -0.288287, 0.0, 0.0, 0.0, 0.0, 1.0]
            ]
        },
        {
            "name": "Hand_R",
            "time": [0.0, 1.3333, 2.6667],
            "transform": [
                [0.999999, -3e-06, 4e-06, -0.0, 4e-06, -0.130774, -0.991321, 0.300003, 4e-06, 0.991488, -0.130755, 0.0, 0.0, 0.0, 0.0, 1.0],
                [0.999999, -2e-06, 2e-06, 0.0, 2e-06, -0.025134, -0.999584, 0.300003, 2e-06, 0.999767, -0.025129, 0.0, 0.0, 0.0, 0.0, 1.0],
                [0.999999, -3e-06, 4e-06, -0.0, 4e-06, -0.130774, -0.991321, 0.300003, 4e-06, 0.991488, -0.130755, 0.0, 0.0, 0.0, 0.0, 1.0]
            ]
        },
        {
            "name": "Tool_R",
            "time": [0.0, 1.3333, 2.6667],
            "transform": [
                [0.524337, 0.024845, -0.851149, -0.040623, -0.686875, -0.578431, -0.440024, 0.221329, -0.503264, 0.815353, -0.286228, -0.029314, 0.0, 0.0, 0.0, 1.0],
                [0.524337, 0.024845, -0.851149, -0.040623, -0.686875, -0.578431, -0.440024, 0.221329, -0.503264, 0.815353, -0.286228, -0.029314, 0.0, 0.0, 0.0, 1.0],
                [0.524337, 0.024845, -0.851149, -0.040623, -0.686875, -0.578431, -0.440024, 0.221329, -0.503264, 0.815353, -0.286228, -0.029314, 0.0, 0.0, 0.0, 1.0]
            ]
        },
        {
            "name": "Elbow_R",
            "time": [0.0, 2.6667],
            "transform": [
                [-1.0, 0.0, -0.0, -0.0, 0.0, 0.003946, -0.999992, 0.447207, -0.0, -0.999992, -0.003946, -0.000671, 0.0, 0.0, 0.0, 1.0],
                [-1.0, 0.0, -0.0, -0.0, 0.0, 0.003946, -0.999992, 0.447207, -0.0, -0.999992, -0.003946, -0.000671, 0.0, 0.0, 0.0, 1.0]
            ]
        },
        {
            "name": "Shoulder_L",
            "time": [0.0, 1.3333, 2.6667],
            "transform": [
                [0.0, -0.952114, -0.305744, 0.0, -0.0, -0.305744, 0.952114, 0.4, -1.0, -0.0, -0.0, -0.0, 0.0, 0.0, 0.0, 1.0],
                [0.0, -0.952114, -0.305744, 0.0, 0.0, -0.305743, 0.952114, 0.4, -1.0, -0.0, -0.0, -0.0, 0.0, 0.0, 0.0, 1.0],
                [0.0, -0.952114, -0.305744, 0.0, -0.0, -0.305744, 0.952114, 0.4, -1.0, -0.0, -0.0, -0.0, 0.0, 0.0, 0.0, 1.0]
            ]
        },
        {
            "name": "Arm_L",
            "time": [0.0, 1.3333, 2.6667],
            "transform": [
                [-0.553458, 0.824465, 0.118052, -0.0, -0.336794, -0.091914, -0.937079, 0.39386, -0.761732, -0.558397, 0.328548, -0.0, 0.0, 0.0, 0.0, 1.0],
                [-0.492239, 0.855424, 0.161075, -0.0, -0.307303, 0.002351, -0.951606, 0.39386, -0.8144, -0.517921, 0.261719, -0.0, 0.0, 0.0, 0.0, 1.0],
                [-0.553458, 0.824465, 0.118052, -0.0, -0.336794, -0.091914, -0.937079, 0.39386, -0.761732, -0.558397, 0.328548, -0.0, 0.0, 0.0, 0.0, 1.0]
            ]
        },
        {
            "name": "Hand_L",
            "time": [0.0, 1.3333, 2.6667],
            "transform": [
                [1.000003, 2e-06, -0.0, -0.0, -1e-06, 0.90175, -0.432246, 0.300002, -0.0, 0.432239, 0.901767, 0.0, 0.0, 0.0, 0.0, 1.0],
                [1.000003, 0.0, -0.0, 0.0, 0.0, 0.780813, -0.624763, 0.300002, -0.0, 0.624755, 0.780826, -0.0, 0.0, 0.0, 0.0, 1.0],
                [1.000003, 2e-06, -0.0, -0.0, -1e-06, 0.90175, -0.432246, 0.300002, -0.0, 0.432239, 0.901767, 0.0, 0.0, 0.0, 0.0, 1.0]
            ]
        },
        {
            "name": "Tool_L",
            "time": [0.0, 2.6667],
            "transform": [
                [1.0, -0.0, 0.0, -0.0, -0.0, -0.973887, -0.227034, 0.271711, 0.0, 0.227034, -0.973887, -0.028915, 0.0, 0.0, 0.0, 1.0],
                [1.0, -0.0, 0.0, -0.0, -0.0, -0.973887, -0.227034, 0.271711, 0.0, 0.227034, -0.973887, -0.028915, 0.0, 0.0, 0.0, 1.0]
            ]
        },
        {
            "name": "Elbow_L",
            "time": [0.0, 2.6667],
            "transform": [
                [-1.0, 0.0, -0.0, 0.0, 0.0, 0.003946, -0.999992, 0.341085, -0.0, -0.999993, -0.003946, -0.00109, 0.0, 0.0, 0.0, 1.0],
                [-1.0, 0.0, -0.0, 0.0, 0.0, 0.003946, -0.999992, 0.341085, -0.0, -0.999993, -0.003946, -0.00109, 0.0, 0.0, 0.0, 1.0]
            ]
        }
    ]
}