{
    "animation": [
        {
            "name": "Root",
            "time": [0.0, 0.25, 0.5, 0.6667],
            "transform": [
                [1.0, 0.0, 0.0, -5e-06, 0.0, 0.0, -1.0, 0.000946, 0.0, 1.0, 0.0, 0.763972, 0.0, 0.0, 0.0, 1.0],
                [1.0, 0.0, 0.0, -5e-06, 0.0, 0.0, -1.0, 0.000946, 0.0, 1.0, 0.0, 0.763972, 0.0, 0.0, 0.0, 1.0],
                [1.0, 0.0, 0.0, -5e-06, 0.0, 0.0, -1.0, 0.000946, 0.0, 1.0, 0.0, 0.763972, 0.0, 0.0, 0.0, 1.0],
                [1.0, 0.0, 0.0, -5e-06, 0.0, 0.0, -1.0, 0.000946, 0.0, 1.0, 0.0, 0.763972, 0.0, 0.0, 0.0, 1.0]
            ]
        },
        {
            "name": "Thigh_R",
            "time": [0.0, 0.25, 0.5, 0.6667],
            "transform": [
                [1.0, -0.0, 0.0, 0.124994, -0.0, -0.999952, 0.009898, -0.002831, 0.0, -0.009898, -0.999954, -1.2e-05, 0.0, 0.0, 0.0, 1.0],
                [1.0, -0.0, 0.0, 0.124994, -0.0, -0.999952, 0.009898, -0.002831, 0.0, -0.009898, -0.999954, -1.2e-05, 0.0, 0.0, 0.0, 1.0],
                [1.0, -0.0, 0.0, 0.124994, -0.0, -0.999952, 0.009898, -0.002831, 0.0, -0.009898, -0.999954, -1.2e-05, 0.0, 0.0, 0.0, 1.0],
                [1.0, -0.0, 0.0, 0.124994, -0.0, -0.999952, 0.009898, -0.002831, 0.0, -0.009898, -0.999954, -1.2e-05, 0.0, 0.0, 0.0, 1.0]
            ]
        },
        {
            "name": "Leg_R",
            "time": [0.0, 0.25, 0.5, 0.6667],
            "transform": [
                [1.0, -0.0, 1e-06, -0.0, -0.0, 0.999868, 0.019786, 0.374726, -1e-06, -0.019789, 0.999729, -0.0, 0.0, 0.0, 0.0, 1.0],
                [1.0, -0.0, 1e-06, -0.0, -0.0, 0.999868, 0.019786, 0.374726, -1e-06, -0.019789, 0.999729, -0.0, 0.0, 0.0, 0.0, 1.0],
                [1.0, -0.0, 1e-06, -0.0, -0.0, 0.999868, 0.019786, 0.374726, -1e-06, -0.019789, 0.999729, -0.0, 0.0, 0.0, 0.0, 1.0],
                [1.0, -0.0, 1e-06, -0.0, -0.0, 0.999868, 0.019786, 0.374726, -1e-06, -0.019789, 0.999729, -0.0, 0.0, 0.0, 0.0, 1.0]
            ]
        },
        {
            "name": "Knee_R",
            "time": [0.0, 0.6667],
            "transform": [
                [1.0, 0.0, -0.0, -0.0, -0.0, 0.00567, -0.999984, 0.374726, -0.0, 0.999984, 0.00567, -0.0, 0.0, 0.0, 0.0, 1.0],
                [1.0, 0.0, -0.0, -0.0, -0.0, 0.00567, -0.999984, 0.374726, -0.0, 0.999984, 0.00567, -0.0, 0.0, 0.0, 0.0, 1.0]
            ]
        },
        {
            "name": "Thigh_L",
            "time": [0.0, 0.25, 0.5, 0.6667],
            "transform": [
                [1.0, -0.0, 0.0, -0.125006, -0.0, -0.999975, 0.007294, -0.002833, 0.0, -0.007294, -0.999975, -1.2e-05, 0.0, 0.0, 0.0, 1.0],
                [1.0, -0.0, 0.0, -0.125006, -0.0, -0.999975, 0.007294, -0.002833, 0.0, -0.007294, -0.999975, -1.2e-05, 0.0, 0.0, 0.0, 1.0],
                [1.0, -0.0, 0.0, -0.125006, -0.0, -0.999975, 0.007294, -0.002833, 0.0, -0.007294, -0.999975, -1.2e-05, 0.0, 0.0, 0.0, 1.0],
                [1.0, -0.0, 0.0, -0.125006, -0.0, -0.999975, 0.007294, -0.002833, 0.0, -0.007294, -0.999975, -1.2e-05, 0.0, 0.0, 0.0, 1.0]
            ]
        },
        {
            "name": "Leg_L",
            "time": [0.0, 0.25, 0.5, 0.6667],
            "transform": [
                [1.0, -0.0, 1e-06, -0.0, -0.0, 0.999905, 0.014582, 0.374726, -1e-06, -0.014582, 0.999876, -0.0, 0.0, 0.0, 0.0, 1.0],
                [1.0, -0.0, 1e-06, -0.0, -0.0, 0.999905, 0.014582, 0.374726, -1e-06, -0.014582, 0.999876, -0.0, 0.0, 0.0, 0.0, 1.0],
                [1.0, -0.0, 1e-06, -0.0, -0.0, 0.999905, 0.014582, 0.374726, -1e-06, -0.014582, 0.999876, -0.0, 0.0, 0.0, 0.0, 1.0],
                [1.0, -0.0, 1e-06, -0.0, -0.0, 0.999905, 0.014582, 0.374726, -1e-06, -0.014582, 0.999876, -0.0, 0.0, 0.0, 0.0, 1.0]
            ]
        },
        {
            "name": "Knee_L",
            "time": [0.0, 0.6667],
            "transform": [
                [1.0, 0.0, -0.0, -0.0, -0.0, 0.00567, -0.999984, 0.374726, -0.0, 0.999984, 0.00567, -0.0, 0.0, 0.0, 0.0, 1.0],
                [1.0, 0.0, -0.0, -0.0, -0.0, 0.00567, -0.999984, 0.374726, -0.0, 0.999984, 0.00567, -0.0, 0.0, 0.0, 0.0, 1.0]
            ]
        },
        {
            "name": "Torso",
            "time": [0.0, 0.25, 0.5, 0.6667],
            "transform": [
                [1.0, 0.0, 0.0, 0.0, 0.0, 1.0, 0.0, 0.05, 0.0, 0.0, 1.0, 0.0, 0.0, 0.0, 0.0, 1.0],
                [1.0, 0.0, 0.0, 0.0, 0.0, 1.0, 0.0, 0.05, 0.0, 0.0, 1.0, 0.0, 0.0, 0.0, 0.0, 1.0],
                [1.0, 0.0, 0.0, 0.0, 0.0, 1.0, 0.0, 0.05, 0.0, 0.0, 1.0, 0.0, 0.0, 0.0, 0.0, 1.0],
                [1.0, 0.0, 0.0, 0.0, 0.0, 1.0, 0.0, 0.05, 0.0, 0.0, 1.0, 0.0, 0.0, 0.0, 0.0, 1.0]
            ]
        },
        {
            "name": "Chest",
            "time": [0.0, 0.25, 0.5, 0.6667],
            "transform": [
                [0.683932, 0.131046, -0.71768, 0.0, 0.163624, 0.93112, 0.325949, 0.3, 0.71096, -0.340356, 0.615381, 0.0, 0.0, 0.0, 0.0, 1.0],
                [0.683932, 0.131046, -0.71768, 0.0, 0.163624, 0.93112, 0.325949, 0.3, 0.71096, -0.340356, 0.615381, 0.0, 0.0, 0.0, 0.0, 1.0],
                [0.683932, 0.131046, -0.71768, 0.0, 0.163624, 0.93112, 0.325949, 0.3, 0.71096, -0.340356, 0.615381, 0.0, 0.0, 0.0, 0.0, 1.0],
                [0.683932, 0.131046, -0.71768, 0.0, 0.163624, 0.93112, 0.325949, 0.3, 0.71096, -0.340356, 0.615381, 0.0, 0.0, 0.0, 0.0, 1.0]
            ]
        },
        {
            "name": "Head",
            "time": [0.0, 0.25, 0.5, 0.6667],
            "transform": [
                [0.685113, 0.158029, 0.711089, -0.0, 0.139863, 0.929484, -0.341319, 0.4, -0.714884, 0.333297, 0.614699, 0.0, 0.0, 0.0, 0.0, 1.0],
                [0.685113, 0.158029, 0.711089, -0.0, 0.139863, 0.929484, -0.341319, 0.4, -0.714884, 0.333297, 0.614699, 0.0, 0.0, 0.0, 0.0, 1.0],
                [0.685113, 0.158029, 0.711089, -0.0, 0.139863, 0.929484, -0.341319, 0.4, -0.714884, 0.333297, 0.614699, 0.0, 0.0, 0.0, 0.0, 1.0],
                [0.685113, 0.158029, 0.711089, -0.0, 0.139863, 0.929484, -0.341319, 0.4, -0.714884, 0.333297, 0.614699, 0.0, 0.0, 0.0, 0.0, 1.0]
            ]
        },
        {
            "name": "Shoulder_R",
            "time": [0.0, 0.25, 0.5, 0.6667],
            "transform": [
                [-0.0, 0.952114, 0.305744, -0.0, 0.0, -0.305743, 0.952115, 0.4, 1.000001, 0.0, -0.0, 0.0, 0.0, 0.0, 0.0, 1.0],
                [-0.0, 0.952114, 0.305744, -0.0, 0.0, -0.305743, 0.952115, 0.4, 1.000001, 0.0, -0.0, 0.0, 0.0, 0.0, 0.0, 1.0],
                [-0.0, 0.952114, 0.305744, -0.0, 0.0, -0.305743, 0.952115, 0.4, 1.000001, 0.0, -0.0, 0.0, 0.0, 0.0, 0.0, 1.0],
                [-0.0, 0.952114, 0.305744, -0.0, 0.0, -0.305743, 0.952115, 0.4, 1.000001, 0.0, -0.0, 0.0, 0.0, 0.0, 0.0, 1.0]
            ]
        },
        {
            "name": "Arm_R",
            "time": [0.0, 0.25, 0.5, 0.6667],
            "transform": [
                [-0.199347, -0.971485, 0.128421, -0.0, -0.349799, -0.051873, -0.935387, 0.39386, 0.915374, -0.231389, -0.329481, 0.0, 0.0, 0.0, 0.0, 1.0],
                [-0.199347, -0.971485, 0.128421, -0.0, -0.349799, -0.051873, -0.935387, 0.39386, 0.915374, -0.231389, -0.329481, 0.0, 0.0, 0.0, 0.0, 1.0],
                [-0.146437, -0.986562, 0.072565, -0.0, -0.29759, -0.026024, -0.954338, 0.39386, 0.9434, -0.161346, -0.289779, 0.0, 0.0, 0.0, 0.0, 1.0],
                [-0.199347, -0.971485, 0.128421, -0.0, -0.349799, -0.051873, -0.935387, 0.39386, 0.915374, -0.231389, -0.329481, 0.0, 0.0, 0.0, 0.0, 1.0]
            ]
        },
        {
            "name": "Hand_R",
            "time": [0.0, 0.25, 0.5, 0.6667],
            "transform": [
                [0.999999, -3e-06, 2e-06, -0.0, 3e-06, 0.425264, -0.905011, 0.300003, 2e-06, 0.905131, 0.425216, 0.0, 0.0, 0.0, 0.0, 1.0],
                [0.999999, -3e-06, 2e-06, -0.0, 3e-06, 0.425264, -0.905011, 0.300003, 2e-06, 0.905131, 0.425216, 0.0, 0.0, 0.0, 0.0, 1.0],
                [0.999999, -3e-06, 3e-06, 0.0, 3e-06, 0.301551, -0.953383, 0.300003, 2e-06, 0.95351, 0.301517, -0.0, 0.0, 0.0, 0.0, 1.0],
                [0.999999, -3e-06, 2e-06, -0.0, 3e-06, 0.425264, -0.905011, 0.300003, 2e-06, 0.905131, 0.425216, 0.0, 0.0, 0.0, 0.0, 1.0]
            ]
        },
        {
            "name": "Tool_R",
            "time": [0.0, 0.25, 0.5, 0.6667],
            "transform": [
                [0.317765, -0.251151, -0.914302, -0.040623, -0.266716, -0.949021, 0.167991, 0.221329, -0.909884, 0.190477, -0.368552, -0.029314, 0.0, 0.0, 0.0, 1.0],
                [0.317765, -0.251151, -0.914302, -0.040623, -0.266716, -0.949021, 0.167991, 0.221329, -0.909884, 0.190477, -0.368552, -0.029314, 0.0, 0.0, 0.0, 1.0],
                [0.317765, -0.251151, -0.914303, -0.040623, -0.266716, -0.949021, 0.167991, 0.221329, -0.909885, 0.190477, -0.368552, -0.029314, 0.0, 0.0, 0.0, 1.0],
                [0.317765, -0.251151, -0.914302, -0.040623, -0.266716, -0.949021, 0.167991, 0.221329, -0.909884, 0.190477, -0.368552, -0.029314, 0.0, 0.0, 0.0, 1.0]
            ]
        },
        {
            "name": "Elbow_R",
            "time": [0.0, 0.6667],
            "transform": [
                [-1.0, 0.0, 0.0, 0.0, 0.0, 0.003946, -0.999992, 0.405237, -0.0, -0.999992, -0.003946, -0.000837, 0.0, 0.0, 0.0, 1.0],
                [-1.0, 0.0, 0.0, 0.0, 0.0, 0.003946, -0.999992, 0.405237, -0.0, -0.999992, -0.003946, -0.000837, 0.0, 0.0, 0.0, 1.0]
            ]
        },
        {
            "name": "Shoulder_L",
            "time": [0.0, 0.25, 0.5, 0.6667],
            "transform": [
                [0.0, -0.952114, -0.305744, -0.0, 0.0, -0.305744, 0.952114, 0.4, -1.0, -0.0, -0.0, 0.0, 0.0, 0.0, 0.0, 1.0],
                [0.0, -0.952114, -0.305744, -0.0, 0.0, -0.305744, 0.952114, 0.4, -1.0, -0.0, -0.0, 0.0, 0.0, 0.0, 0.0, 1.0],
                [0.0, -0.952114, -0.305744, -0.0, 0.0, -0.305744, 0.952114, 0.4, -1.0, -0.0, -0.0, 0.0, 0.0, 0.0, 0.0, 1.0],
                [0.0, -0.952114, -0.305744, -0.0, 0.0, -0.305744, 0.952114, 0.4, -1.0, -0.0, -0.0, 0.0, 0.0, 0.0, 0.0, 1.0]
            ]
        },
        {
            "name": "Arm_L",
            "time": [0.0, 0.25, 0.5, 0.6667],
            "transform": [
                [0.165825, 0.907409, 0.386147, 0.0, -0.38782, 0.420025, -0.820469, 0.39386, -0.906687, -0.013701, 0.421565, 0.0, 0.0, 0.0, 0.0, 1.0],
                [-0.218662, 0.945936, 0.239564, 0.0, -0.496354, 0.103548, -0.861919, 0.39386, -0.840121, -0.307379, 0.44688, 0.0, 0.0, 0.0, 0.0, 1.0],
                [-0.121551, 0.952692, 0.278573, 0.0, -0.475923, 0.190349, -0.858638, 0.39386, -0.871037, -0.236948, 0.430273, 0.0, 0.0, 0.0, 0.0, 1.0],
                [0.165825, 0.907409, 0.386147, 0.0, -0.38782, 0.420025, -0.820469, 0.39386, -0.906687, -0.013701, 0.421565, 0.0, 0.0, 0.0, 0.0, 1.0]
            ]
        },
        {
            "name": "Hand_L",
            "time": [0.0, 0.25, 0.5, 0.6667],
            "transform": [
                [1.000003, -7e-06, 7e-06, -0.0, 7e-06, 0.060604, -0.998169, 0.300003, 7e-06, 0.998156, 0.060605, 0.0, 0.0, 0.0, 0.0, 1.0],
                [1.000004, 0.0, -0.0, 0.0, -0.0, -0.022093, -0.999764, 0.300003, -0.0, 0.99975, -0.022093, -0.0, 0.0, 0.0, 0.0, 1.0],
                [1.000003, -5e-06, 3e-06, 0.0, 5e-06, 0.634663, -0.772791, 0.300003, 3e-06, 0.77278, 0.634675, 0.0, 0.0, 0.0, 0.0, 1.0],
                [1.000003, -7e-06, 7e-06, -0.0, 7e-06, 0.060604, -0.998169, 0.300003, 7e-06, 0.998156, 0.060605, 0.0, 0.0, 0.0, 0.0, 1.0]
            ]
        },
        {
            "name": "Tool_L",
            "time": [0.0, 0.6667],
            "transform": [
                [1.0, -0.0, 0.0, -0.0, 0.0, -0.973887, -0.227034, 0.271711, 0.0, 0.227034, -0.973887, -0.028915, 0.0, 0.0, 0.0, 1.0],
                [1.0, -0.0, 0.0, -0.0, 0.0, -0.973887, -0.227034, 0.271711, 0.0, 0.227034, -0.973887, -0.028915, 0.0, 0.0, 0.0, 1.0]
            ]
        },
        {
            "name": "Elbow_L",
            "time": [0.0, 0.6667],
            "transform": [
                [-1.0, 0.0, -0.0, 0.0, 0.0, 0.003946, -0.999992, 0.440715, -0.0, -0.999993, -0.003946, -0.000697, 0.0, 0.0, 0.0, 1.0],
                [-1.0, 0.0, -0.0, 0.0, 0.0, 0.003946, -0.999992, 0.440715, -0.0, -0.999993, -0.003946, -0.000697, 0.0, 0.0, 0.0, 1.0]
            ]
        }
    ]
}