{
    "animation": [
        {
            "name": "Root",
            "time": [0.0, 1.3333, 2.6667],
            "transform": [
                [1.0, 0.0, 0.0, -5e-06, 0.0, 0.0, -1.0, 0.000946, 0.0, 1.0, 0.0, 0.763972, 0.0, 0.0, 0.0, 1.0],
                [1.0, 0.0, 0.0, -5e-06, 0.0, 0.0, -1.0, 0.000946, 0.0, 1.0, 0.0, 0.763972, 0.0, 0.0, 0.0, 1.0],
                [1.0, 0.0, 0.0, -5e-06, 0.0, 0.0, -1.0, 0.000946, 0.0, 1.0, 0.0, 0.763972, 0.0, 0.0, 0.0, 1.0]
            ]
        },
        {
            "name": "Thigh_R",
            "time": [0.0, 1.3333, 2.6667],
            "transform": [
                [1.0, -0.0, 0.0, 0.124994, -0.0, -0.999953, 0.009785, -0.002831, 0.0, -0.009785, -0.999955, -1.2e-05, 0.0, 0.0, 0.0, 1.0],
                [1.0, -0.0, 0.0, 0.124994, -0.0, -0.999951, 0.009998, -0.002831, 0.0, -0.009998, -0.999953, -1.2e-05, 0.0, 0.0, 0.0, 1.0],
                [1.0, -0.0, 0.0, 0.124994, -0.0, -0.999953, 0.009785, -0.002831, 0.0, -0.009785, -0.999955, -1.2e-05, 0.0, 0.0, 0.0, 1.0]
            ]
        },
        {
            "name": "Leg_R",
            "time": [0.0, 1.3333, 2.6667],
            "transform": [
                [1.0, -0.0, 1e-06, 0.0, -0.0, 0.99987, 0.019559, 0.374726, -1e-06, -0.019562, 0.999736, 0.0, 0.0, 0.0, 0.0, 1.0],
                [1.0, -0.0, 1e-06, -0.0, -0.0, 0.999866, 0.019985, 0.374726, -1e-06, -0.019988, 0.999723, 0.0, 0.0, 0.0, 0.0, 1.0],
                [1.0, -0.0, 1e-06, 0.0, -0.0, 0.99987, 0.019559, 0.374726, -1e-06, -0.019562, 0.999736, 0.0, 0.0, 0.0, 0.0, 1.0]
            ]
        },
        {
            "name": "Knee_R",
            "time": [0.0, 2.6667],
            "transform": [
                [1.0, 0.0, -0.0, 0.0, -0.0, 0.00567, -0.999984, 0.374726, -0.0, 0.999984, 0.00567, 0.0, 0.0, 0.0, 0.0, 1.0],
                [1.0, 0.0, -0.0, 0.0, -0.0, 0.00567, -0.999984, 0.374726, -0.0, 0.999984, 0.00567, 0.0, 0.0, 0.0, 0.0, 1.0]
            ]
        },
        {
            "name": "Thigh_L",
            "time": [0.0, 1.3333, 2.6667],
            "transform": [
                [1.0, -0.0, 0.0, -0.125006, -0.0, -0.999975, 0.007277, -0.002833, 0.0, -0.007277, -0.999975, -1.2e-05, 0.0, 0.0, 0.0, 1.0],
                [1.0, -0.0, 0.0, -0.125006, -0.0, -0.999974, 0.007349, -0.002833, 0.0, -0.007349, -0.999975, -1.2e-05, 0.0, 0.0, 0.0, 1.0],
                [1.0, -0.0, 0.0, -0.125006, -0.0, -0.999975, 0.007277, -0.002833, 0.0, -0.007277, -0.999975, -1.2e-05, 0.0, 0.0, 0.0, 1.0]
            ]
        },
        {
            "name": "Leg_L",
            "time": [0.0, 1.3333, 2.6667],
            "transform": [
                [1.0, -0.0, 1e-06, -0.0, -0.0, 0.999905, 0.014548, 0.374726, -1e-06, -0.014549, 0.999878, -0.0, 0.0, 0.0, 0.0, 1.0],
                [1.0, -0.0, 1e-06, -0.0, -0.0, 0.999904, 0.014691, 0.374726, -1e-06, -0.014691, 0.999874, -0.0, 0.0, 0.0, 0.0, 1.0],
                [1.0, -0.0, 1e-06, -0.0, -0.0, 0.999905, 0.014548, 0.374726, -1e-06, -0.014549, 0.999878, -0.0, 0.0, 0.0, 0.0, 1.0]
            ]
        },
        {
            "name": "Knee_L",
            "time": [0.0, 2.6667],
            "transform": [
                [1.0, 0.0, -0.0, -0.0, -0.0, 0.00567, -0.999984, 0.374726, -0.0, 0.999984, 0.00567, -0.0, 0.0, 0.0, 0.0, 1.0],
                [1.0, 0.0, -0.0, -0.0, -0.0, 0.00567, -0.999984, 0.374726, -0.0, 0.999984, 0.00567, -0.0, 0.0, 0.0, 0.0, 1.0]
            ]
        },
        {
            "name": "Torso",
            "time": [0.0, 1.3333, 2.6667],
            "transform": [
                [1.0, 0.0, 0.0, 0.0, 0.0, 1.0, 0.0, 0.05, 0.0, 0.0, 1.0, 0.0, 0.0, 0.0, 0.0, 1.0],
                [1.0, 0.0, 0.0, 0.0, 0.0, 1.0, 0.0, 0.05, 0.0, 0.0, 1.0, 0.0, 0.0, 0.0, 0.0, 1.0],
                [1.0, 0.0, 0.0, 0.0, 0.0, 1.0, 0.0, 0.05, 0.0, 0.0, 1.0, 0.0, 0.0, 0.0, 0.0, 1.0]
            ]
        },
        {
            "name": "Chest",
            "time": [0.0, 1.3333, 2.6667],
            "transform": [
                [0.683932, 0.131046, -0.71768, 0.0, 0.163624, 0.93112, 0.325949, 0.3, 0.71096, -0.340356, 0.615381, 0.0, 0.0, 0.0, 0.0, 1.0],
                [0.683932, 0.131046, -0.71768, 0.0, 0.224965, 0.897913, 0.378342, 0.3, 0.693994, -0.420213, 0.58463, 0.0, 0.0, 0.0, 0.0, 1.0],
                [0.683932, 0.131046, -0.71768, 0.0, 0.163624, 0.93112, 0.325949, 0.3, 0.71096, -0.340356, 0.615381, 0.0, 0.0, 0.0, 0.0, 1.0]
            ]
        },
        {
            "name": "Head",
            "time": [0.0, 1.3333, 2.6667],
            "transform": [
                [0.685113, 0.158029, 0.711089, -0.0, 0.139863, 0.929484, -0.341319, 0.4, -0.714884, 0.333297, 0.614699, 0.0, 0.0, 0.0, 0.0, 1.0],
                [0.685692, 0.21935, 0.694055, 0.0, 0.139589, 0.89619, -0.42114, 0.4, -0.714383, 0.385655, 0.583891, -0.0, 0.0, 0.0, 0.0, 1.0],
                [0.685113, 0.158029, 0.711089, -0.0, 0.139863, 0.929484, -0.341319, 0.4, -0.714884, 0.333297, 0.614699, 0.0, 0.0, 0.0, 0.0, 1.0]
            ]
        },
        {
            "name": "Shoulder_R",
            "time": [0.0, 1.3333, 2.6667],
            "transform": [
                [-0.0, 0.952114, 0.305744, -0.0, 0.0, -0.305743, 0.952115, 0.4, 1.000001, 0.0, -0.0, 0.0, 0.0, 0.0, 0.0, 1.0],
                [-0.0, 0.952114, 0.305744, 0.0, 0.0, -0.305743, 0.952115, 0.4, 1.000001, 0.0, -0.0, -0.0, 0.0, 0.0, 0.0, 1.0],
                [-0.0, 0.952114, 0.305744, -0.0, 0.0, -0.305743, 0.952115, 0.4, 1.000001, 0.0, -0.0, 0.0, 0.0, 0.0, 0.0, 1.0]
            ]
        },
        {
            "name": "Arm_R",
            "time": [0.0, 1.3333, 2.6667],
            "transform": [
                [0.190707, -0.913393, 0.359663, -0.0, 0.056375, -0.355592, -0.93294, 0.39386, 0.980031, 0.198194, -0.016321, 0.0, 0.0, 0.0, 0.0, 1.0],
                [0.207577, -0.934714, 0.28851, -0.0, 0.109475, -0.270885, -0.956367, 0.393861, 0.972078, 0.230106, 0.046099, -0.0, 0.0, 0.0, 0.0, 1.0],
                [0.190707, -0.913393, 0.359663, -0.0, 0.056375, -0.355592, -0.93294, 0.39386, 0.980031, 0.198194, -0.016321, 0.0, 0.0, 0.0, 0.0, 1.0]
            ]
        },
        {
            "name": "Hand_R",
            "time": [0.0, 1.3333, 2.6667],
            "transform": [
                [0.999999, -1e-06, 0.0, -0.0, 1e-06, 0.606109, -0.795347, 0.300003, 0.0, 0.795441, 0.606047, 0.0, 0.0, 0.0, 0.0, 1.0],
                [1.0, -2e-06, 1e-06, -0.0, 2e-06, 0.455677, -0.890086, 0.300003, 1e-06, 0.890215, 0.455618, 0.0, 0.0, 0.0, 0.0, 1.0],
                [0.999999, -1e-06, 0.0, -0.0, 1e-06, 0.606109, -0.795347, 0.300003, 0.0, 0.795441, 0.606047, 0.0, 0.0, 0.0, 0.0, 1.0]
            ]
        },
        {
            "name": "Tool_R",
            "time": [0.0, 1.3333, 2.6667],
            "transform": [
                [0.200964, -0.005492, -0.979584, -0.040623, -0.315707, -0.946992, -0.059458, 0.221329, -0.927332, 0.32121, -0.192045, -0.029314, 0.0, 0.0, 0.0, 1.0],
                [0.200964, -0.005492, -0.979584, -0.040623, -0.315707, -0.946992, -0.059458, 0.221329, -0.927332, 0.32121, -0.192045, -0.029314, 0.0, 0.0, 0.0, 1.0],
                [0.200964, -0.005492, -0.979584, -0.040623, -0.315707, -0.946992, -0.059458, 0.221329, -0.927332, 0.32121, -0.192045, -0.029314, 0.0, 0.0, 0.0, 1.0]
            ]
        },
        {
            "name": "Elbow_R",
            "time": [0.0, 2.6667],
            "transform": [
                [-1.0, 0.0, -0.0, -0.0, 0.0, 0.003946, -0.999992, 0.38538, -0.0, -0.999993, -0.003946, -0.000915, 0.0, 0.0, 0.0, 1.0],
                [-1.0, 0.0, -0.0, -0.0, 0.0, 0.003946, -0.999992, 0.38538, -0.0, -0.999993, -0.003946, -0.000915, 0.0, 0.0, 0.0, 1.0]
            ]
        },
        {
            "name": "Shoulder_L",
            "time": [0.0, 1.3333, 2.6667],
            "transform": [
                [0.0, -0.952114, -0.305744, -0.0, 0.0, -0.305744, 0.952114, 0.4, -1.0, -0.0, -0.0, 0.0, 0.0, 0.0, 0.0, 1.0],
                [0.0, -0.952114, -0.305743, 0.0, 0.0, -0.305743, 0.952114, 0.4, -1.0, -0.0, -0.0, -0.0, 0.0, 0.0, 0.0, 1.0],
                [0.0, -0.952114, -0.305744, -0.0, 0.0, -0.305744, 0.952114, 0.4, -1.0, -0.0, -0.0, 0.0, 0.0, 0.0, 0.0, 1.0]
            ]
        },
        {
            "name": "Arm_L",
            "time": [0.0, 1.3333, 2.6667],
            "transform": [
                [0.091233, 0.84245, -0.530993, 0.0, -0.546792, -0.403265, -0.73375, 0.39386, -0.832273, 0.357287, 0.423856, 0.0, 0.0, 0.0, 0.0, 1.0],
                [0.187482, 0.7511, -0.633006, -0.0, -0.47767, -0.493386, -0.726907, 0.39386, -0.858292, 0.438655, 0.266278, 0.0, 0.0, 0.0, 0.0, 1.0],
                [0.091233, 0.84245, -0.530993, 0.0, -0.546792, -0.403265, -0.73375, 0.39386, -0.832273, 0.357287, 0.423856, 0.0, 0.0, 0.0, 0.0, 1.0]
            ]
        },
        {
            "name": "Hand_L",
            "time": [0.0, 1.3333, 2.6667],
            "transform": [
                [1.000004, -1e-06, 0.0, 0.0, 0.0, 0.985911, -0.167217, 0.300003, 0.0, 0.167214, 0.985932, -0.0, 0.0, 0.0, 0.0, 1.0],
                [1.000004, 0.0, 0.0, -0.0, 0.0, 0.998159, -0.060493, 0.300003, 0.0, 0.060492, 0.998179, -0.0, 0.0, 0.0, 0.0, 1.0],
                [1.000004, -1e-06, 0.0, 0.0, 0.0, 0.985911, -0.167217, 0.300003, 0.0, 0.167214, 0.985932, -0.0, 0.0, 0.0, 0.0, 1.0]
            ]
        },
        {
            "name": "Tool_L",
            "time": [0.0, 2.6667],
            "transform": [
                [1.0, -0.0, 0.0, -0.0, 0.0, -0.973887, -0.227034, 0.271711, 0.0, 0.227034, -0.973887, -0.028915, 0.0, 0.0, 0.0, 1.0],
                [1.0, -0.0, 0.0, -0.0, 0.0, -0.973887, -0.227034, 0.271711, 0.0, 0.227034, -0.973887, -0.028915, 0.0, 0.0, 0.0, 1.0]
            ]
        },
        {
            "name": "Elbow_L",
            "time": [0.0, 2.6667],
            "transform": [
                [-1.0, 0.0, -0.0, 0.0, 0.0, 0.003946, -0.999992, 0.314942, -0.0, -0.999993, -0.003946, -0.001194, 0.0, 0.0, 0.0, 1.0],
                [-1.0, 0.0, -0.0, 0.0, 0.0, 0.003946, -0.999992, 0.314942, -0.0, -0.999993, -0.003946, -0.001194, 0.0, 0.0, 0.0, 1.0]
            ]
        }
    ]
}