{
    "animation": [
        {
            "name": "Root",
            "time": [0.0, 1.3333, 2.6667],
            "transform": [
                [1.0, 0.0, 0.0, -5e-06, 0.0, 0.0, -1.0, 0.000946, 0.0, 1.0, 0.0, 0.763972, 0.0, 0.0, 0.0, 1.0],
                [1.0, 0.0, 0.0, -5e-06, 0.0, 0.0, -1.0, 0.000946, 0.0, 1.0, 0.0, 0.763972, 0.0, 0.0, 0.0, 1.0],
                [1.0, 0.0, 0.0, -5e-06, 0.0, 0.0, -1.0, 0.000946, 0.0, 1.0, 0.0, 0.763972, 0.0, 0.0, 0.0, 1.0]
            ]
        },
        {
            "name": "Thigh_R",
            "time": [0.0, 1.3333, 2.6667],
            "transform": [
                [1.0, -0.0, 0.0, 0.124994, -0.0, -0.999967, 0.008086, -0.002831, 0.0, -0.008086, -0.999969, -1.2e-05, 0.0, 0.0, 0.0, 1.0],
                [1.0, -0.0, 0.0, 0.124994, -0.0, -0.999963, 0.008634, -0.002831, 0.0, -0.008634, -0.999965, -1.2e-05, 0.0, 0.0, 0.0, 1.0],
                [1.0, -0.0, 0.0, 0.124994, -0.0, -0.999967, 0.008086, -0.002831, 0.0, -0.008086, -0.999969, -1.2e-05, 0.0, 0.0, 0.0, 1.0]
            ]
        },
        {
            "name": "Leg_R",
            "time": [0.0, 1.3333, 2.6667],
            "transform": [
                [1.0, -0.0, 1e-06, 0.0, -0.0, 0.999902, 0.016165, 0.374726, -1e-06, -0.016166, 0.999833, -0.0, 0.0, 0.0, 0.0, 1.0],
                [1.0, -0.0, 1e-06, 0.0, -0.0, 0.999893, 0.01726, 0.374726, -1e-06, -0.017262, 0.999803, 0.0, 0.0, 0.0, 0.0, 1.0],
                [1.0, -0.0, 1e-06, 0.0, -0.0, 0.999902, 0.016165, 0.374726, -1e-06, -0.016166, 0.999833, -0.0, 0.0, 0.0, 0.0, 1.0]
            ]
        },
        {
            "name": "Knee_R",
            "time": [0.0, 2.6667],
            "transform": [
                [1.0, 0.0, -0.0, -0.0, -0.0, 0.00567, -0.999984, 0.374726, -0.0, 0.999984, 0.00567, 0.0, 0.0, 0.0, 0.0, 1.0],
                [1.0, 0.0, -0.0, -0.0, -0.0, 0.00567, -0.999984, 0.374726, -0.0, 0.999984, 0.00567, 0.0, 0.0, 0.0, 0.0, 1.0]
            ]
        },
        {
            "name": "Thigh_L",
            "time": [0.0, 1.3333, 2.6667],
            "transform": [
                [1.0, -0.0, 0.0, -0.125006, -0.0, -0.999979, 0.00649, -0.002832, 0.0, -0.00649, -0.99998, -1.2e-05, 0.0, 0.0, 0.0, 1.0],
                [1.0, -0.0, 0.0, -0.125006, -0.0, -0.999978, 0.006709, -0.002832, 0.0, -0.006709, -0.999979, -1.2e-05, 0.0, 0.0, 0.0, 1.0],
                [1.0, -0.0, 0.0, -0.125006, -0.0, -0.999979, 0.00649, -0.002832, 0.0, -0.00649, -0.99998, -1.2e-05, 0.0, 0.0, 0.0, 1.0]
            ]
        },
        {
            "name": "Leg_L",
            "time": [0.0, 1.3333, 2.6667],
            "transform": [
                [1.0, -0.0, 1e-06, -0.0, -0.0, 0.999922, 0.012975, 0.374726, -1e-06, -0.012975, 0.99991, -0.0, 0.0, 0.0, 0.0, 1.0],
                [1.0, -0.0, 1e-06, -0.0, -0.0, 0.999918, 0.013412, 0.374726, -1e-06, -0.013413, 0.9999, -0.0, 0.0, 0.0, 0.0, 1.0],
                [1.0, -0.0, 1e-06, -0.0, -0.0, 0.999922, 0.012975, 0.374726, -1e-06, -0.012975, 0.99991, -0.0, 0.0, 0.0, 0.0, 1.0]
            ]
        },
        {
            "name": "Knee_L",
            "time": [0.0, 2.6667],
            "transform": [
                [1.0, 0.0, -0.0, -0.0, -0.0, 0.00567, -0.999984, 0.374726, -0.0, 0.999984, 0.00567, -0.0, 0.0, 0.0, 0.0, 1.0],
                [1.0, 0.0, -0.0, -0.0, -0.0, 0.00567, -0.999984, 0.374726, -0.0, 0.999984, 0.00567, -0.0, 0.0, 0.0, 0.0, 1.0]
            ]
        },
        {
            "name": "Torso",
            "time": [0.0, 1.3333, 2.6667],
            "transform": [
                [1.0, 0.0, 0.0, 0.0, 0.0, 1.0, 0.0, 0.05, 0.0, 0.0, 1.0, 0.0, 0.0, 0.0, 0.0, 1.0],
                [1.0, 0.0, 0.0, 0.0, 0.0, 1.0, 0.0, 0.05, 0.0, 0.0, 1.0, 0.0, 0.0, 0.0, 0.0, 1.0],
                [1.0, 0.0, 0.0, 0.0, 0.0, 1.0, 0.0, 0.05, 0.0, 0.0, 1.0, 0.0, 0.0, 0.0, 0.0, 1.0]
            ]
        },
        {
            "name": "Chest",
            "time": [0.0, 1.3333, 2.6667],
            "transform": [
                [0.819152, 0.099601, -0.564863, 0.0, 0.04999, 0.968663, 0.243297, 0.3, 0.571394, -0.227535, 0.788503, 0.0, 0.0, 0.0, 0.0, 1.0],
                [0.819152, 0.099601, -0.564863, 0.0, 0.099601, 0.945146, 0.311093, 0.3, 0.564863, -0.311093, 0.764298, 0.0, 0.0, 0.0, 0.0, 1.0],
                [0.819152, 0.099601, -0.564863, 0.0, 0.04999, 0.968663, 0.243297, 0.3, 0.571394, -0.227535, 0.788503, 0.0, 0.0, 0.0, 0.0, 1.0]
            ]
        },
        {
            "name": "Head",
            "time": [0.0, 1.3333, 2.6667],
            "transform": [
                [0.819152, 0.049991, 0.571394, 0.0, 0.099601, 0.968663, -0.227535, 0.4, -0.564863, 0.243297, 0.788503, 0.0, 0.0, 0.0, 0.0, 1.0],
                [0.819152, 0.0996, 0.564863, 0.0, 0.099601, 0.945146, -0.311094, 0.4, -0.564863, 0.311093, 0.764298, 0.0, 0.0, 0.0, 0.0, 1.0],
                [0.819152, 0.049991, 0.571394, 0.0, 0.099601, 0.968663, -0.227535, 0.4, -0.564863, 0.243297, 0.788503, 0.0, 0.0, 0.0, 0.0, 1.0]
            ]
        },
        {
            "name": "Shoulder_R",
            "time": [0.0, 1.3333, 2.6667],
            "transform": [
                [0.0, 0.952114, 0.305743, 0.0, -0.0, -0.305743, 0.952114, 0.4, 1.0, -0.0, -0.0, 0.0, 0.0, 0.0, 0.0, 1.0],
                [0.0, 0.952114, 0.305743, 0.0, -0.0, -0.305743, 0.952114, 0.4, 1.0, 0.0, -0.0, 0.0, 0.0, 0.0, 0.0, 1.0],
                [0.0, 0.952114, 0.305743, 0.0, -0.0, -0.305743, 0.952114, 0.4, 1.0, -0.0, -0.0, 0.0, 0.0, 0.0, 0.0, 1.0]
            ]
        },
        {
            "name": "Arm_R",
            "time": [0.0, 1.3333, 2.6667],
            "transform": [
                [-0.569, -0.816088, 0.10124, 0.0, 0.751113, -0.565882, -0.340021, 0.393861, 0.334774, -0.11743, 0.934957, -0.0, 0.0, 0.0, 0.0, 1.0],
                [-0.570855, -0.811694, 0.123641, 0.0, 0.749622, -0.57668, -0.324832, 0.39386, 0.334963, -0.092748, 0.937661, 0.0, 0.0, 0.0, 0.0, 1.0],
                [-0.569, -0.816088, 0.10124, 0.0, 0.751113, -0.565882, -0.340021, 0.393861, 0.334774, -0.11743, 0.934957, -0.0, 0.0, 0.0, 0.0, 1.0]
            ]
        },
        {
            "name": "Hand_R",
            "time": [0.0, 1.3333, 2.6667],
            "transform": [
                [1.000001, -1e-06, 0.0, -0.0, 1e-06, 0.984455, -0.175669, 0.300003, -0.0, 0.175671, 0.984445, -0.0, 0.0, 0.0, 0.0, 1.0],
                [1.0, -1e-06, 0.0, -0.0, 1e-06, 0.971876, -0.235516, 0.300002, 0.0, 0.235518, 0.971864, -0.0, 0.0, 0.0, 0.0, 1.0],
                [1.000001, -1e-06, 0.0, -0.0, 1e-06, 0.984455, -0.175669, 0.300003, -0.0, 0.175671, 0.984445, -0.0, 0.0, 0.0, 0.0, 1.0]
            ]
        },
        {
            "name": "Tool_R",
            "time": [0.0, 1.3333, 2.6667],
            "transform": [
                [0.999825, 0.015576, -0.010312, -0.012825, 0.012211, -0.962718, -0.270229, 0.231748, -0.014136, 0.270056, -0.962741, 0.002322, 0.0, 0.0, 0.0, 1.0],
                [0.999825, 0.015576, -0.010312, -0.012825, 0.012211, -0.962718, -0.270229, 0.231748, -0.014136, 0.270056, -0.962741, 0.002322, 0.0, 0.0, 0.0, 1.0],
                [0.999825, 0.015576, -0.010312, -0.012825, 0.012211, -0.962718, -0.270229, 0.231748, -0.014136, 0.270056, -0.962741, 0.002322, 0.0, 0.0, 0.0, 1.0]
            ]
        },
        {
            "name": "Elbow_R",
            "time": [0.0, 2.6667],
            "transform": [
                [-1.0, 0.0, -0.0, 0.0, 0.0, 0.003946, -0.999992, 0.315746, -0.0, -0.999992, -0.003946, -0.00119, 0.0, 0.0, 0.0, 1.0],
                [-1.0, 0.0, -0.0, 0.0, 0.0, 0.003946, -0.999992, 0.315746, -0.0, -0.999992, -0.003946, -0.00119, 0.0, 0.0, 0.0, 1.0]
            ]
        },
        {
            "name": "Shoulder_L",
            "time": [0.0, 1.3333, 2.6667],
            "transform": [
                [0.0, -0.952114, -0.305743, 0.0, 0.0, -0.305743, 0.952114, 0.4, -0.999999, -0.0, 0.0, 0.0, 0.0, 0.0, 0.0, 1.0],
                [0.0, -0.952114, -0.305743, 0.0, 0.0, -0.305743, 0.952114, 0.4, -0.999999, -0.0, 0.0, 0.0, 0.0, 0.0, 0.0, 1.0],
                [0.0, -0.952114, -0.305743, 0.0, 0.0, -0.305743, 0.952114, 0.4, -0.999999, -0.0, 0.0, 0.0, 0.0, 0.0, 0.0, 1.0]
            ]
        },
        {
            "name": "Arm_L",
            "time": [0.0, 1.3333, 2.6667],
            "transform": [
                [-0.403873, 0.904571, -0.1365, 0.0, -0.543315, -0.357222, -0.759737, 0.39386, -0.735999, -0.232674, 0.635741, 0.0, 0.0, 0.0, 0.0, 1.0],
                [-0.340115, 0.91131, -0.232014, 0.0, -0.528317, -0.389279, -0.754546, 0.39386, -0.777945, -0.134056, 0.613862, 0.0, 0.0, 0.0, 0.0, 1.0],
                [-0.403873, 0.904571, -0.1365, 0.0, -0.543315, -0.357222, -0.759737, 0.39386, -0.735999, -0.232674, 0.635741, 0.0, 0.0, 0.0, 0.0, 1.0]
            ]
        },
        {
            "name": "Hand_L",
            "time": [0.0, 1.3333, 2.6667],
            "transform": [
                [1.000001, 2e-06, -1e-06, -0.0, -2e-06, 0.846592, -0.532238, 0.300003, -1e-06, 0.532228, 0.846604, 0.0, 0.0, 0.0, 0.0, 1.0],
                [1.000002, -3e-06, 1e-06, -0.0, 3e-06, 0.850603, -0.525801, 0.300003, 1e-06, 0.525788, 0.850623, -0.0, 0.0, 0.0, 0.0, 1.0],
                [1.000001, 2e-06, -1e-06, -0.0, -2e-06, 0.846592, -0.532238, 0.300003, -1e-06, 0.532228, 0.846604, 0.0, 0.0, 0.0, 0.0, 1.0]
            ]
        },
        {
            "name": "Tool_L",
            "time": [0.0, 2.6667],
            "transform": [
                [1.000001, -0.0, 0.0, -0.0, -0.0, -0.973887, -0.227034, 0.271711, 0.0, 0.227034, -0.973887, -0.028915, 0.0, 0.0, 0.0, 1.0],
                [1.000001, -0.0, 0.0, -0.0, -0.0, -0.973887, -0.227034, 0.271711, 0.0, 0.227034, -0.973887, -0.028915, 0.0, 0.0, 0.0, 1.0]
            ]
        },
        {
            "name": "Elbow_L",
            "time": [0.0, 2.6667],
            "transform": [
                [-1.0, 0.0, -0.0, -0.0, 0.0, 0.003946, -0.999992, 0.351792, -0.0, -0.999993, -0.003946, -0.001048, 0.0, 0.0, 0.0, 1.0],
                [-1.0, 0.0, -0.0, -0.0, 0.0, 0.003946, -0.999992, 0.351792, -0.0, -0.999993, -0.003946, -0.001048, 0.0, 0.0, 0.0, 1.0]
            ]
        }
    ]
}