{
    "animation": [
        {
            "name": "Root",
            "time": [0.0, 0.2167, 0.4333, 0.6667],
            "transform": [
                [1.0, 0.0, 0.0, -5e-06, 0.0, 0.0, -1.0, 0.000946, 0.0, 1.0, 0.0, 0.763972, 0.0, 0.0, 0.0, 1.0],
                [1.0, 0.0, 0.0, -5e-06, 0.0, 0.0, -1.0, 0.000946, 0.0, 1.0, 0.0, 0.763972, 0.0, 0.0, 0.0, 1.0],
                [1.0, 0.0, 0.0, -5e-06, 0.0, 0.0, -1.0, 0.000946, 0.0, 1.0, 0.0, 0.763972, 0.0, 0.0, 0.0, 1.0],
                [1.0, 0.0, 0.0, -5e-06, 0.0, 0.0, -1.0, 0.000946, 0.0, 1.0, 0.0, 0.763972, 0.0, 0.0, 0.0, 1.0]
            ]
        },
        {
            "name": "Thigh_R",
            "time": [0.0, 0.2167, 0.4333, 0.6667],
            "transform": [
                [1.0, -0.0, 0.0, 0.124994, -0.0, -0.999964, 0.008397, -0.002831, 0.0, -0.008397, -0.999967, -1.2e-05, 0.0, 0.0, 0.0, 1.0],
                [1.0, -0.0, 0.0, 0.124994, -0.0, -0.999964, 0.008397, -0.002831, 0.0, -0.008397, -0.999967, -1.2e-05, 0.0, 0.0, 0.0, 1.0],
                [1.0, -0.0, 0.0, 0.124994, -0.0, -0.999964, 0.008397, -0.002831, 0.0, -0.008397, -0.999967, -1.2e-05, 0.0, 0.0, 0.0, 1.0],
                [1.0, -0.0, 0.0, 0.124994, -0.0, -0.999964, 0.008397, -0.002831, 0.0, -0.008397, -0.999967, -1.2e-05, 0.0, 0.0, 0.0, 1.0]
            ]
        },
        {
            "name": "Leg_R",
            "time": [0.0, 0.2167, 0.4333, 0.6667],
            "transform": [
                [1.0, -0.0, 1e-06, 0.0, -0.0, 0.999897, 0.016785, 0.374726, -1e-06, -0.016786, 0.999815, 0.0, 0.0, 0.0, 0.0, 1.0],
                [1.0, -0.0, 1e-06, 0.0, -0.0, 0.999897, 0.016785, 0.374726, -1e-06, -0.016786, 0.999815, 0.0, 0.0, 0.0, 0.0, 1.0],
                [1.0, -0.0, 1e-06, 0.0, -0.0, 0.999897, 0.016785, 0.374726, -1e-06, -0.016786, 0.999815, 0.0, 0.0, 0.0, 0.0, 1.0],
                [1.0, -0.0, 1e-06, 0.0, -0.0, 0.999897, 0.016785, 0.374726, -1e-06, -0.016786, 0.999815, 0.0, 0.0, 0.0, 0.0, 1.0]
            ]
        },
        {
            "name": "Knee_R",
            "time": [0.0, 0.6667],
            "transform": [
                [1.0, 0.0, -0.0, -0.0, -0.0, 0.00567, -0.999984, 0.374726, -0.0, 0.999984, 0.00567, 0.0, 0.0, 0.0, 0.0, 1.0],
                [1.0, 0.0, -0.0, -0.0, -0.0, 0.00567, -0.999984, 0.374726, -0.0, 0.999984, 0.00567, 0.0, 0.0, 0.0, 0.0, 1.0]
            ]
        },
        {
            "name": "Thigh_L",
            "time": [0.0, 0.2167, 0.4333, 0.6667],
            "transform": [
                [1.0, -0.0, 0.0, -0.125006, -0.0, -0.999979, 0.006603, -0.002832, 0.0, -0.006603, -0.999979, -1.2e-05, 0.0, 0.0, 0.0, 1.0],
                [1.0, -0.0, 0.0, -0.125006, -0.0, -0.999979, 0.006603, -0.002832, 0.0, -0.006603, -0.999979, -1.2e-05, 0.0, 0.0, 0.0, 1.0],
                [1.0, -0.0, 0.0, -0.125006, -0.0, -0.999979, 0.006603, -0.002832, 0.0, -0.006603, -0.999979, -1.2e-05, 0.0, 0.0, 0.0, 1.0],
                [1.0, -0.0, 0.0, -0.125006, -0.0, -0.999979, 0.006603, -0.002832, 0.0, -0.006603, -0.999979, -1.2e-05, 0.0, 0.0, 0.0, 1.0]
            ]
        },
        {
            "name": "Leg_L",
            "time": [0.0, 0.2167, 0.4333, 0.6667],
            "transform": [
                [1.0, -0.0, 1e-06, -0.0, -0.0, 0.99992, 0.0132, 0.374726, -1e-06, -0.0132, 0.999905, -0.0, 0.0, 0.0, 0.0, 1.0],
                [1.0, -0.0, 1e-06, -0.0, -0.0, 0.99992, 0.0132, 0.374726, -1e-06, -0.0132, 0.999905, -0.0, 0.0, 0.0, 0.0, 1.0],
                [1.0, -0.0, 1e-06, -0.0, -0.0, 0.99992, 0.0132, 0.374726, -1e-06, -0.0132, 0.999905, -0.0, 0.0, 0.0, 0.0, 1.0],
                [1.0, -0.0, 1e-06, -0.0, -0.0, 0.99992, 0.0132, 0.374726, -1e-06, -0.0132, 0.999905, -0.0, 0.0, 0.0, 0.0, 1.0]
            ]
        },
        {
            "name": "Knee_L",
            "time": [0.0, 0.6667],
            "transform": [
                [1.0, 0.0, -0.0, -0.0, -0.0, 0.00567, -0.999984, 0.374726, -0.0, 0.999984, 0.00567, -0.0, 0.0, 0.0, 0.0, 1.0],
                [1.0, 0.0, -0.0, -0.0, -0.0, 0.00567, -0.999984, 0.374726, -0.0, 0.999984, 0.00567, -0.0, 0.0, 0.0, 0.0, 1.0]
            ]
        },
        {
            "name": "Torso",
            "time": [0.0, 0.2167, 0.4333, 0.6667],
            "transform": [
                [1.0, 0.0, 0.0, 0.0, 0.0, 1.0, 0.0, 0.05, 0.0, 0.0, 1.0, 0.0, 0.0, 0.0, 0.0, 1.0],
                [1.0, 0.0, 0.0, 0.0, 0.0, 1.0, 0.0, 0.05, 0.0, 0.0, 1.0, 0.0, 0.0, 0.0, 0.0, 1.0],
                [1.0, 0.0, 0.0, 0.0, 0.0, 1.0, 0.0, 0.05, 0.0, 0.0, 1.0, 0.0, 0.0, 0.0, 0.0, 1.0],
                [1.0, 0.0, 0.0, 0.0, 0.0, 1.0, 0.0, 0.05, 0.0, 0.0, 1.0, 0.0, 0.0, 0.0, 0.0, 1.0]
            ]
        },
        {
            "name": "Chest",
            "time": [0.0, 0.2167, 0.4333, 0.6667],
            "transform": [
                [0.934055, 0.052519, -0.353245, 0.0, -0.005522, 0.991133, 0.132756, 0.3, 0.357085, -0.122051, 0.926064, 0.0, 0.0, 0.0, 0.0, 1.0],
                [0.934055, 0.052519, -0.353245, 0.0, -0.005522, 0.991133, 0.132756, 0.3, 0.357085, -0.122051, 0.926064, 0.0, 0.0, 0.0, 0.0, 1.0],
                [0.934055, 0.052519, -0.353245, 0.0, -0.005522, 0.991133, 0.132756, 0.3, 0.357085, -0.122051, 0.926064, 0.0, 0.0, 0.0, 0.0, 1.0],
                [0.934055, 0.052519, -0.353245, 0.0, -0.005522, 0.991133, 0.132756, 0.3, 0.357085, -0.122051, 0.926064, 0.0, 0.0, 0.0, 0.0, 1.0]
            ]
        },
        {
            "name": "Head",
            "time": [0.0, 0.2167, 0.4333, 0.6667],
            "transform": [
                [0.931556, -0.11657, 0.344406, 0.0, 0.068235, 0.986433, 0.149313, 0.4, -0.357138, -0.115592, 0.926872, 0.0, 0.0, 0.0, 0.0, 1.0],
                [0.931556, -0.11657, 0.344406, 0.0, 0.068235, 0.986433, 0.149312, 0.4, -0.357138, -0.115592, 0.926872, 0.0, 0.0, 0.0, 0.0, 1.0],
                [0.931556, -0.11657, 0.344406, 0.0, 0.068235, 0.986433, 0.149312, 0.4, -0.357138, -0.115592, 0.926872, 0.0, 0.0, 0.0, 0.0, 1.0],
                [0.931556, -0.11657, 0.344406, 0.0, 0.068235, 0.986433, 0.149313, 0.4, -0.357138, -0.115592, 0.926872, 0.0, 0.0, 0.0, 0.0, 1.0]
            ]
        },
        {
            "name": "Shoulder_R",
            "time": [0.0, 0.2167, 0.4333, 0.6667],
            "transform": [
                [0.0, 0.952114, 0.305744, 0.0, 0.0, -0.305743, 0.952115, 0.4, 1.0, -0.0, -0.0, 0.0, 0.0, 0.0, 0.0, 1.0],
                [0.0, 0.952114, 0.305744, 0.0, 0.0, -0.305743, 0.952115, 0.4, 1.0, -0.0, -0.0, 0.0, 0.0, 0.0, 0.0, 1.0],
                [0.0, 0.952114, 0.305744, 0.0, 0.0, -0.305743, 0.952115, 0.4, 1.0, -0.0, -0.0, 0.0, 0.0, 0.0, 0.0, 1.0],
                [0.0, 0.952114, 0.305744, 0.0, 0.0, -0.305743, 0.952115, 0.4, 1.0, -0.0, -0.0, 0.0, 0.0, 0.0, 0.0, 1.0]
            ]
        },
        {
            "name": "Arm_R",
            "time": [0.0, 0.2167, 0.4333, 0.6667],
            "transform": [
                [-0.620888, -0.635735, -0.458634, 0.0, 0.642449, -0.077424, -0.762408, 0.39386, 0.44918, -0.768019, 0.456498, -0.0, 0.0, 0.0, 0.0, 1.0],
                [-0.610216, -0.640412, -0.466383, 0.0, 0.640967, -0.053096, -0.76573, 0.39386, 0.465621, -0.766198, 0.442882, -0.0, 0.0, 0.0, 0.0, 1.0],
                [-0.616869, -0.642821, -0.454158, 0.0, 0.641916, -0.077005, -0.762899, 0.39386, 0.455436, -0.76214, 0.460138, -0.0, 0.0, 0.0, 0.0, 1.0],
                [-0.620888, -0.635735, -0.458634, 0.0, 0.642449, -0.077424, -0.762408, 0.39386, 0.44918, -0.768019, 0.456498, -0.0, 0.0, 0.0, 0.0, 1.0]
            ]
        },
        {
            "name": "Hand_R",
            "time": [0.0, 0.2167, 0.4333, 0.6667],
            "transform": [
                [1.000001, -1e-06, 0.0, 0.0, 1e-06, 0.79231, -0.610123, 0.300003, 0.0, 0.610147, 0.792284, 0.0, 0.0, 0.0, 0.0, 1.0],
                [1.000001, -1e-06, 0.0, -0.0, 1e-06, 0.77933, -0.626617, 0.300003, 0.0, 0.626642, 0.779304, 0.0, 0.0, 0.0, 0.0, 1.0],
                [1.000001, -1e-06, 1e-06, -0.0, 2e-06, 0.820369, -0.571842, 0.300003, 0.0, 0.571865, 0.820342, 0.0, 0.0, 0.0, 0.0, 1.0],
                [1.000001, -1e-06, 0.0, 0.0, 1e-06, 0.79231, -0.610123, 0.300003, 0.0, 0.610147, 0.792284, 0.0, 0.0, 0.0, 0.0, 1.0]
            ]
        },
        {
            "name": "Tool_R",
            "time": [0.0, 0.2167, 0.4333, 0.6667],
            "transform": [
                [0.985316, 0.170713, -0.002937, -0.003689, 0.158306, -0.906991, 0.390264, 0.292183, 0.063959, -0.384998, -0.920698, 0.001888, 0.0, 0.0, 0.0, 1.0],
                [0.985316, 0.170713, -0.002937, -0.003689, 0.158306, -0.906991, 0.390264, 0.292183, 0.063959, -0.384998, -0.920698, 0.001888, 0.0, 0.0, 0.0, 1.0],
                [0.985316, 0.170713, -0.002937, -0.003689, 0.158306, -0.906991, 0.390264, 0.292183, 0.063959, -0.384999, -0.920698, 0.001888, 0.0, 0.0, 0.0, 1.0],
                [0.985316, 0.170713, -0.002937, -0.003689, 0.158306, -0.906991, 0.390264, 0.292183, 0.063959, -0.384998, -0.920698, 0.001888, 0.0, 0.0, 0.0, 1.0]
            ]
        },
        {
            "name": "Elbow_R",
            "time": [0.0, 0.6667],
            "transform": [
                [-1.0, 0.0, -0.0, 0.0, -0.0, 0.003946, -0.999992, 0.360694, -0.0, -0.999992, -0.003946, -0.001013, 0.0, 0.0, 0.0, 1.0],
                [-1.0, 0.0, -0.0, 0.0, -0.0, 0.003946, -0.999992, 0.360694, -0.0, -0.999992, -0.003946, -0.001013, 0.0, 0.0, 0.0, 1.0]
            ]
        },
        {
            "name": "Shoulder_L",
            "time": [0.0, 0.2167, 0.4333, 0.6667],
            "transform": [
                [-0.0, -0.952114, -0.305743, 0.0, 0.0, -0.305743, 0.952114, 0.4, -1.0, 0.0, 0.0, 0.0, 0.0, 0.0, 0.0, 1.0],
                [-0.0, -0.952114, -0.305743, 0.0, 0.0, -0.305743, 0.952114, 0.4, -1.0, 0.0, 0.0, 0.0, 0.0, 0.0, 0.0, 1.0],
                [-0.0, -0.952114, -0.305743, 0.0, 0.0, -0.305743, 0.952114, 0.4, -1.0, 0.0, 0.0, 0.0, 0.0, 0.0, 0.0, 1.0],
                [-0.0, -0.952114, -0.305743, 0.0, 0.0, -0.305743, 0.952114, 0.4, -1.0, 0.0, 0.0, 0.0, 0.0, 0.0, 0.0, 1.0]
            ]
        },
        {
            "name": "Arm_L",
            "time": [0.0, 0.2167, 0.4333, 0.6667],
            "transform": [
                [-0.157489, 0.934828, 0.318251, -0.0, -0.648252, 0.145246, -0.747442, 0.39386, -0.744956, -0.324019, 0.583133, -0.0, 0.0, 0.0, 0.0, 1.0],
                [-0.182101, 0.767939, 0.614084, -0.0, -0.645163, 0.377975, -0.663998, 0.39386, -0.742022, -0.517097, 0.426621, -0.0, 0.0, 0.0, 0.0, 1.0],
                [-0.467008, 0.586378, 0.66186, -0.0, -0.576525, 0.36561, -0.730714, 0.39386, -0.67046, -0.722826, 0.16732, -0.0, 0.0, 0.0, 0.0, 1.0],
                [-0.157489, 0.934828, 0.318251, -0.0, -0.648252, 0.145246, -0.747442, 0.39386, -0.744956, -0.324019, 0.583133, -0.0, 0.0, 0.0, 0.0, 1.0]
            ]
        },
        {
            "name": "Hand_L",
            "time": [0.0, 0.2167, 0.4333, 0.6667],
            "transform": [
                [1.000001, 2e-06, -1e-06, 0.0, -2e-06, 0.832273, -0.554367, 0.300003, -1e-06, 0.554357, 0.832283, -0.0, 0.0, 0.0, 0.0, 1.0],
                [1.0, -3e-06, 3e-06, 0.0, 3e-06, 0.321954, -0.946776, 0.300003, 2e-06, 0.946733, 0.321964, -0.0, 0.0, 0.0, 0.0, 1.0],
                [1.0, -3e-06, 3e-06, 0.0, 3e-06, 0.232783, -0.972549, 0.300002, 3e-06, 0.972506, 0.23279, 0.0, 0.0, 0.0, 0.0, 1.0],
                [1.000001, 2e-06, -1e-06, 0.0, -2e-06, 0.832273, -0.554367, 0.300003, -1e-06, 0.554357, 0.832283, -0.0, 0.0, 0.0, 0.0, 1.0]
            ]
        },
        {
            "name": "Tool_L",
            "time": [0.0, 0.6667],
            "transform": [
                [1.000001, -0.0, 0.0, -0.0, 0.0, -0.973887, -0.227034, 0.271711, 0.0, 0.227034, -0.973887, -0.028915, 0.0, 0.0, 0.0, 1.0],
                [1.000001, -0.0, 0.0, -0.0, 0.0, -0.973887, -0.227034, 0.271711, 0.0, 0.227034, -0.973887, -0.028915, 0.0, 0.0, 0.0, 1.0]
            ]
        },
        {
            "name": "Elbow_L",
            "time": [0.0, 0.6667],
            "transform": [
                [-1.0, 0.0, 0.0, 0.0, 0.0, 0.003946, -0.999992, 0.354262, -0.0, -0.999992, -0.003946, -0.001038, 0.0, 0.0, 0.0, 1.0],
                [-1.0, 0.0, 0.0, 0.0, 0.0, 0.003946, -0.999992, 0.354262, -0.0, -0.999992, -0.003946, -0.001038, 0.0, 0.0, 0.0, 1.0]
            ]
        }
    ]
}